0

0,100

0,998469027482184250000000	0,000000000000000000000000	0,004196476398640170600000	0,000000000000000000000000
0,000000000000000000000000	0,998469027482184250000000	0,000000000000000000000000	0,004196476398640170600000
0,000000000000000000000000	0,000000000000000000000000	0,995800305717229660000000	0,000000000000000000000000
0,000000000000000000000000	0,000000000000000000000000	0,000000000000000000000000	0,995800305717229660000000

0,005301102804908592300000	0,000003714051991920977800
0,000003714051991920977800	0,005301102804908592300000
0,000000000000000000000000	0,001764672341189388100000
0,001764672341189388100000	0,000000000000000000000000

1,000000000000000000000000	0,000000000000000000000000	0,000000000000000000000000	0,000000000000000000000000
0,000000000000000000000000	1,000000000000000000000000	0,000000000000000000000000	0,000000000000000000000000

0,000000000000000000000000	0,000000000000000000000000
0,000000000000000000000000	0,000000000000000000000000

1,000000000000000000000000	0,000000000000000000000000
0,000000000000000000000000	1,000000000000000000000000

0,250000000000000000000000	0,000000000000000000000000
0,000000000000000000000000	0,250000000000000000000000

0,399999999999999910000000	0,000000000000000000000000
0,000000000000000000000000	0,399999999999999910000000

1,000000000000000000000000	0,000000000000000000000000
0,000000000000000000000000	1,000000000000000000000000

6
0,404118796489536800000000	-3,060190789596695500000000	-1,808154339519626900000000	-0,653342355897183040000000	-0,322901752013078360000000	0,010996344977728244000000
0,016442028458625184000000	1,316697087413791800000000	0,007817158736158964800000	0,051685746354768830000000	-0,091520013354690802000000	0,181949511481455660000000
0,099695490201675799000000	3,546533376889078800000000	0,858961297258655220000000	-0,755199119102172970000000	0,582963831561372330000000	-1,845130292356137200000000
0,041627123776089216000000	1,527638792794458100000000	-0,119951981717062230000000	1,600826371340665200000000	-1,063433274564699900000000	4,548975830771512500000000
0,021908200075846051000000	0,812736925898872030000000	-0,147333210090918380000000	0,877233353885620400000000	-0,343172605513701660000000	-0,555735920064050150000000
-0,000721296422232948330000	-0,025597059068341938000000	0,002595753794680948800000	-0,012314331700689900000000	0,020784688953388732000000	0,965258725381792800000000

-0,175158163559527850000000	0,000131378438040722810000
0,320851645263416140000000	-0,012238998987085423000000
0,278146228333473850000000	0,125540635846766920000000
0,106808921610141170000000	-0,339491095006207550000000
0,054470014395491657000000	0,085188789135061421000000
-0,002024764645290094000000	-0,294871358214191910000000

-0,031045089785321094000000	1,283304429610743900000000	-0,324541235790656020000000	-0,196964359095728010000000	-0,115634445957737630000000	0,006091401206750198300000
-0,000205482878024723890000	-0,003834161582890557900000	-0,029845954379870351000000	0,179829638522819940000000	-0,249533993689977530000000	-1,307613483599946000000000

0,735905275852039130000000	-0,000512424954831770760000
-0,000512424954830473520000	0,735905275852069660000000
