0

0,100

0,998469027482184250000000	0,000000000000000000000000	0,004196476398640170600000	0,000000000000000000000000
0,000000000000000000000000	0,998469027482184250000000	0,000000000000000000000000	0,004196476398640170600000
0,000000000000000000000000	0,000000000000000000000000	0,995800305717229660000000	0,000000000000000000000000
0,000000000000000000000000	0,000000000000000000000000	0,000000000000000000000000	0,995800305717229660000000

0,005301102804908592300000	0,000003862614071597816400
0,000003714051991920977800	0,005230421434176478500000
0,000000000000000000000000	0,001835259234836963400000
0,001764672341189388100000	0,000000000000000000000000

1,000000000000000000000000	0,000000000000000000000000	0,000000000000000000000000	0,000000000000000000000000
0,000000000000000000000000	1,000000000000000000000000	0,000000000000000000000000	0,000000000000000000000000

0,000000000000000000000000	0,000000000000000000000000
0,000000000000000000000000	0,000000000000000000000000

1,000000000000000000000000	0,000000000000000000000000
0,000000000000000000000000	1,000000000000000000000000

0,250000000000000000000000	0,000000000000000000000000
0,000000000000000000000000	0,250000000000000000000000

0,399999999999999910000000	0,000000000000000000000000
0,000000000000000000000000	0,399999999999999910000000

1,000000000000000000000000	0,000000000000000000000000
0,000000000000000000000000	1,000000000000000000000000

6
3,219681309589395900000000	-2,031056741857491400000000	1,245324684673899000000000	-0,335118499407038530000000	0,537017201090015490000000	-0,064076799477528742000000
0,852051217325224370000000	-0,168449302807623710000000	0,085091412943061107000000	0,388219721731591470000000	0,163103909622616370000000	0,214272064160271000000000
-1,895348755127346700000000	1,089474593656274200000000	-0,480097170683817580000000	-0,200109309236243930000000	-0,312507859243059350000000	-0,098378969927849697000000
1,440605583010544600000000	-0,130323546967407560000000	1,440627555997220400000000	0,296680979542992660000000	-0,011202276550410305000000	-0,134211605498734090000000
0,475478198945979200000000	1,678732067479909300000000	2,248622918017698900000000	2,444804766522132400000000	1,134208314629562100000000	0,472830587568260800000000
-0,991504039943408740000000	1,430116757519804200000000	1,733721928618374300000000	1,613148322752545600000000	1,251996257956750700000000	0,508600433872152480000000

-0,085692699962457625000000	0,903460666563722480000000
-0,227868797828117840000000	-0,220770605462865530000000
-0,328126368479714160000000	-0,099791937286308918000000
-0,484775103026562070000000	0,119678360835352190000000
-0,606683349146866610000000	-0,014967063747697976000000
-0,364573442684936190000000	-0,118184494748820950000000

-0,736404115909501170000000	-2,107202852794265900000000	-2,261830645046202000000000	-0,302557262890907290000000	0,382795342118824040000000	-0,072784936318170984000000
1,246244156052871400000000	-1,536798937551140200000000	1,484344066790748600000000	-1,373779814679775500000000	1,273476068772656100000000	-0,940043263043179760000000

4,728446182939660700000000	-0,003543382037062577300000
-0,003224644595474967500000	4,737800520495409500000000
