0

0,100

0,998469027482184250000000	0,000000000000000000000000	0,004196476398640170600000	0,000000000000000000000000
0,000000000000000000000000	0,998469027482184250000000	0,000000000000000000000000	0,004196476398640170600000
0,000000000000000000000000	0,000000000000000000000000	0,995800305717229660000000	0,000000000000000000000000
0,000000000000000000000000	0,000000000000000000000000	0,000000000000000000000000	0,995800305717229660000000

0,005301102804908592300000	0,000003714051991920977800
0,000003714051991920977800	0,005301102804908592300000
0,000000000000000000000000	0,001764672341189388100000
0,001764672341189388100000	0,000000000000000000000000

1,000000000000000000000000	0,000000000000000000000000	0,000000000000000000000000	0,000000000000000000000000
0,000000000000000000000000	1,000000000000000000000000	0,000000000000000000000000	0,000000000000000000000000

0,000000000000000000000000	0,000000000000000000000000
0,000000000000000000000000	0,000000000000000000000000

1,000000000000000000000000	0,000000000000000000000000
0,000000000000000000000000	1,000000000000000000000000

0,250000000000000000000000	0,000000000000000000000000
0,000000000000000000000000	0,250000000000000000000000

0,399999999999999910000000	0,000000000000000000000000
0,000000000000000000000000	0,399999999999999910000000

1,000000000000000000000000	0,000000000000000000000000
0,000000000000000000000000	1,000000000000000000000000

6
-0,104443304983543610000000	0,468558443575557760000000	-0,221222464083906220000000	0,357534048891041730000000	0,089136666736392534000000	-0,001379423702776070900000
-1,204484999407066100000000	2,226291477868942400000000	2,391851651682824100000000	-2,891410907064259300000000	-1,149084917517754900000000	0,485768213485432480000000
0,033369595738583946000000	-0,079551788057792519000000	0,940022400673951370000000	0,222627878803359210000000	0,522685015476512470000000	-3,529379324307240700000000
-0,249826656490498010000000	0,309507255579406890000000	1,008317874561686500000000	0,104923989677226330000000	0,376412536237036080000000	-2,539014259947603300000000
-0,009428572559164082700000	0,028756999811296556000000	-0,376500584008863490000000	-0,144281541172737480000000	-0,078156493729941406000000	-0,673611382827999480000000
0,004883469877217800700000	-0,005927019642673003700000	0,007193813142034927500000	0,015163074406135721000000	0,052749549165517627000000	0,893832674086929900000000

-0,214299879405663470000000	-0,000661650201321213340000
0,776259665829692860000000	-0,058584267215819316000000
0,372935847619502660000000	0,513888958180352520000000
-0,341355950483239360000000	0,330973880296582810000000
-0,159169516532218420000000	0,185119506149265280000000
0,005618422137963161400000	-0,719824758622582440000000

2,147627897146815500000000	-0,737110261088526400000000	1,093530409377442300000000	-1,511154694477622000000000	-0,456346922823138490000000	0,049329807760247507000000
0,003876102475621281300000	-0,005431698242417307100000	-1,092382832428844300000000	-0,064186621946902611000000	-2,398898992678001100000000	-1,376059320223553200000000

11,821114757714167000000000	-0,008231268880063268700000
-0,008231268880045052400000	11,821114757714181000000000
