0

0,100

0,998664435139008710000000	0,000000000000000000000000	0,003548172528609999100000	0,000000000000000000000000
0,000000000000000000000000	0,998373328858393360000000	0,000000000000000000000000	0,003547655173780582600000
0,000000000000000000000000	0,000000000000000000000000	0,996449454545846770000000	0,000000000000000000000000
0,000000000000000000000000	0,000000000000000000000000	0,000000000000000000000000	0,996449454545846770000000

0,003534414258487792400000	0,000002176951042508476600
0,000002093018738128845700	0,003486780558910272800000
0,000000000000000000000000	0,001223904627126558600000
0,001176831372237075500000	0,000000000000000000000000

1,000000000000000000000000	0,000000000000000000000000	0,000000000000000000000000	0,000000000000000000000000
0,000000000000000000000000	1,000000000000000000000000	0,000000000000000000000000	0,000000000000000000000000

0,000000000000000000000000	0,000000000000000000000000
0,000000000000000000000000	0,000000000000000000000000

1,000000000000000000000000	0,000000000000000000000000
0,000000000000000000000000	1,000000000000000000000000

0,250000000000000000000000	0,000000000000000000000000
0,000000000000000000000000	0,250000000000000000000000

0,399999999999999910000000	0,000000000000000000000000
0,000000000000000000000000	0,399999999999999910000000

1,000000000000000000000000	0,000000000000000000000000
0,000000000000000000000000	1,000000000000000000000000

6
3,184352237425747100000000	-1,878665726702729600000000	1,135349259614961700000000	-0,239571866374776290000000	0,455600946068458860000000	-0,048780586826241173000000
1,132344576775897100000000	-0,230975292939951890000000	0,252190924853112450000000	0,464759212476454630000000	0,223578386806726650000000	0,203958333389808070000000
-1,927051673854908600000000	1,147272667127265300000000	-0,282663079504610610000000	-0,015053728334722849000000	-0,179127026829891210000000	-0,044253382859782170000000
1,311191909156696800000000	-0,053853123980139778000000	1,458264798657460600000000	0,351225956681794790000000	-0,083562724539388386000000	-0,183854623501991580000000
0,506732278294840580000000	1,615739216774884500000000	2,289138350116279400000000	2,394227888493643400000000	0,883604060477210300000000	0,276125153515853650000000
-1,003160013667991000000000	1,334596567234770400000000	1,821899482478656300000000	1,595321129483659300000000	1,106435907309412500000000	0,377677581145995420000000

-0,087346317382711758000000	0,920333235604013030000000
-0,260746863472164640000000	-0,196264618921438590000000
-0,403398755595735790000000	-0,104521990390235880000000
-0,511315626397814250000000	0,105867968063508040000000
-0,560323300754430600000000	-0,007965111853134136700000
-0,325481389130108380000000	-0,112286819754112320000000

-0,469216957314085750000000	-1,389503859812214200000000	-1,456292455015284700000000	0,073042384339936539000000	0,542447325691925220000000	0,021059535211531075000000
0,668167384607348480000000	-0,965754278200390060000000	1,012244452022532700000000	-0,975610314616714210000000	0,926321725267968080000000	-0,704583026190432890000000

4,458763356060321000000000	-0,002798333164430397800000
-0,002615019112324902500000	4,472487308509673000000000
