0

0,100

0,998664435139008710000000	0,000000000000000000000000	0,003548172528609999100000	0,000000000000000000000000
0,000000000000000000000000	0,998373328858393360000000	0,000000000000000000000000	0,003547655173780582600000
0,000000000000000000000000	0,000000000000000000000000	0,996449454545846770000000	0,000000000000000000000000
0,000000000000000000000000	0,000000000000000000000000	0,000000000000000000000000	0,996449454545846770000000

0,003534414258487792400000	0,000002176951042508476600
0,000002093018738128845700	0,003486780558910272800000
0,000000000000000000000000	0,001223904627126558600000
0,001176831372237075500000	0,000000000000000000000000

1,000000000000000000000000	0,000000000000000000000000	0,000000000000000000000000	0,000000000000000000000000
0,000000000000000000000000	1,000000000000000000000000	0,000000000000000000000000	0,000000000000000000000000

0,000000000000000000000000	0,000000000000000000000000
0,000000000000000000000000	0,000000000000000000000000

1,000000000000000000000000	0,000000000000000000000000
0,000000000000000000000000	1,000000000000000000000000

0,250000000000000000000000	0,000000000000000000000000
0,000000000000000000000000	0,250000000000000000000000

0,399999999999999910000000	0,000000000000000000000000
0,000000000000000000000000	0,399999999999999910000000

1,000000000000000000000000	0,000000000000000000000000
0,000000000000000000000000	1,000000000000000000000000

6
3,105426441366326200000000	-1,906410572490877800000000	0,723304020257755860000000	-0,368398862674133020000000	0,338073311797381320000000	-0,012607835727762431000000
1,354229489883584000000000	-0,467909941055762060000000	0,210705837243830850000000	0,651001219437521540000000	0,489420228584341700000000	0,267431784338987290000000
-1,905308258829011100000000	1,563398686730974400000000	1,083212288297763700000000	1,868621322126148500000000	0,937594095725868710000000	0,163750961241821920000000
1,056267085045056000000000	-0,274502002141836450000000	1,305053830519304500000000	0,816363341710005800000000	0,347281402676010990000000	-0,111610939348476560000000
0,070885667341465980000000	-0,623286722510817960000000	-2,005982076885882900000000	-1,529290233369204000000000	-0,668501412555575710000000	0,067308179579281410000000
-1,420946490934436900000000	-0,586801166558919010000000	-1,864450564202913400000000	-1,982797799300915200000000	-0,344077596527587570000000	0,211659171732679290000000

0,084865775609529848000000	1,869221737942065700000000
0,529508297303200370000000	-0,345842106093387170000000
1,351232964349056400000000	-0,218852745749935300000000
1,131408373261875800000000	0,181602490013124560000000
-0,197396904205526020000000	0,006998304972124752600000
-0,551215129935131440000000	-0,209575456067826520000000

-0,302943931163854100000000	-0,760426828326011380000000	-0,217536153481734970000000	1,398953124399218200000000	1,216857046275029200000000	0,110926089090309710000000
0,311018651020698260000000	-0,799905877342911850000000	0,979397468780362820000000	-1,032417480860924100000000	0,983833461587768630000000	-0,761945204752982550000000

13,065043147619667000000000	-0,008199659998807083700000
-0,007662514200955531300000	13,105256995403742000000000
