0

0,100

0,998664435139008710000000	0,000000000000000000000000	0,003548172528609999100000	0,000000000000000000000000
0,000000000000000000000000	0,998373328858393360000000	0,000000000000000000000000	0,003547655173780582600000
0,000000000000000000000000	0,000000000000000000000000	0,996449454545846770000000	0,000000000000000000000000
0,000000000000000000000000	0,000000000000000000000000	0,000000000000000000000000	0,996449454545846770000000

0,005301621387731689100000	0,000003265426563762714200
0,000003139528107193268500	0,005230170838365409300000
0,000000000000000000000000	0,001835856940689837700000
0,001765247058355613300000	0,000000000000000000000000

1,000000000000000000000000	0,000000000000000000000000	0,000000000000000000000000	0,000000000000000000000000
0,000000000000000000000000	1,000000000000000000000000	0,000000000000000000000000	0,000000000000000000000000

0,000000000000000000000000	0,000000000000000000000000
0,000000000000000000000000	0,000000000000000000000000

1,000000000000000000000000	0,000000000000000000000000
0,000000000000000000000000	1,000000000000000000000000

0,250000000000000000000000	0,000000000000000000000000
0,000000000000000000000000	0,250000000000000000000000

0,399999999999999910000000	0,000000000000000000000000
0,000000000000000000000000	0,399999999999999910000000

1,000000000000000000000000	0,000000000000000000000000
0,000000000000000000000000	1,000000000000000000000000

6
2,660446990339044900000000	-1,043570024301822000000000	1,595152790032896600000000	-0,190262850507452150000000	0,546476600729422170000000	-0,014054133872334160000000
0,684866684993473030000000	1,438013614274947300000000	1,073545015809835400000000	1,582732538422433800000000	1,095977044084069300000000	0,687543419911373020000000
-1,299221359439930900000000	1,732238769010461900000000	0,434787527666752830000000	1,115341902034619600000000	1,225894327584139600000000	0,770246447956243970000000
0,779242958474794190000000	-0,300646841177944820000000	0,368272432249797330000000	-0,004510564496141740400000	0,827969394210407050000000	0,612507898461351670000000
0,111554471395118520000000	-0,547535854442711250000000	-0,887135887216552340000000	-0,464414569624851450000000	-0,457849390326388160000000	-0,095193323720891662000000
-1,128113095819408100000000	0,005872002616761745300000	-0,203892013277810700000000	-0,513123725652280040000000	-0,387090989960547190000000	-0,275859000903602880000000

-0,324644925362940480000000	1,833242100161957400000000
-1,250408830870640700000000	-0,461896943510602620000000
-1,111010585987907100000000	-0,136937981291685910000000
-0,839254553143594650000000	0,170230773955091090000000
-0,234201737051157320000000	-0,004202505806443713500000
-0,031561344397500940000000	-0,210608955350908340000000

-0,275502893673218010000000	-0,262111764700778240000000	0,748506727586892960000000	1,145221808875358500000000	-0,640801645085049220000000	-1,306033102713922700000000
-0,561571425280468550000000	-0,007214074912504475600000	0,780178483024357440000000	-1,072354304282611400000000	1,140910997960416400000000	-0,923137000056049930000000

11,830861696521779000000000	-0,007397402329796336000000
-0,006982775619045699300000	11,875821302237030000000000
