0

0,100

0,998469027482184250000000	0,000000000000000000000000	0,004196476398640170600000	0,000000000000000000000000
0,000000000000000000000000	0,998469027482184250000000	0,000000000000000000000000	0,004196476398640170600000
0,000000000000000000000000	0,000000000000000000000000	0,995800305717229660000000	0,000000000000000000000000
0,000000000000000000000000	0,000000000000000000000000	0,000000000000000000000000	0,995800305717229660000000

0,005301102804908592300000	0,000003714051991920977800
0,000003714051991920977800	0,005301102804908592300000
0,000000000000000000000000	0,001764672341189388100000
0,001764672341189388100000	0,000000000000000000000000

1,000000000000000000000000	0,000000000000000000000000	0,000000000000000000000000	0,000000000000000000000000
0,000000000000000000000000	1,000000000000000000000000	0,000000000000000000000000	0,000000000000000000000000

0,000000000000000000000000	0,000000000000000000000000
0,000000000000000000000000	0,000000000000000000000000

1,000000000000000000000000	0,000000000000000000000000
0,000000000000000000000000	1,000000000000000000000000

0,250000000000000000000000	0,000000000000000000000000
0,000000000000000000000000	0,250000000000000000000000

0,399999999999999910000000	0,000000000000000000000000
0,000000000000000000000000	0,399999999999999910000000

1,000000000000000000000000	0,000000000000000000000000
0,000000000000000000000000	1,000000000000000000000000

6
-0,112179573183654010000000	1,067762606012190300000000	0,736345520377349680000000	0,090270841053514794000000	0,120065346904114450000000	0,068029721883506644000000
-0,264978924585324130000000	1,848602098719590600000000	-0,032162632893706911000000	-0,040180793971908671000000	-0,448469414517628890000000	0,046480049587220761000000
-0,523209469292472920000000	2,794536646111242600000000	0,290482897692272590000000	-0,847493385029907450000000	0,756842699186069720000000	-0,322412864208492360000000
-0,135827018208945660000000	0,785827094273359170000000	0,078812538285872466000000	1,372809191358076700000000	-3,025258517477226800000000	1,185495698693127800000000
-0,101584708196888380000000	0,561800141145470940000000	-0,052882311123328141000000	0,178154890900661190000000	0,554040753382921140000000	-0,567199090107956660000000
-0,072058616872897940000000	0,404257441888416060000000	-0,050741812150818563000000	0,222124397361263940000000	0,157233405419565990000000	-0,177766242842181950000000

-0,029025694837714739000000	0,003005903458693458500000
-1,607281917014240700000000	-0,152647863797431750000000
-1,001778363151864600000000	0,255752646400154940000000
-0,109619703975360970000000	-1,448866446766885000000000
-0,146589262163900000000000	1,172403854955208300000000
-0,089656575722718762000000	-0,258526841330707750000000

-1,372136592732092500000000	0,011245201613595280000000	1,456490252533757700000000	0,464493074597329470000000	0,296747470037922620000000	0,235298536769890380000000
-0,002824753065818011800000	0,014173123558953726000000	0,177205758334114620000000	0,804035650699962410000000	-0,756707873805953170000000	-1,764294914917553700000000

14,611701410360665000000000	-0,010174407876844852000000
-0,010174407876823303000000	14,611701410360645000000000
