0

0,100

0,998469027482184250000000	0,000000000000000000000000	0,004196476398640170600000	0,000000000000000000000000
0,000000000000000000000000	0,998469027482184250000000	0,000000000000000000000000	0,004196476398640170600000
0,000000000000000000000000	0,000000000000000000000000	0,995800305717229660000000	0,000000000000000000000000
0,000000000000000000000000	0,000000000000000000000000	0,000000000000000000000000	0,995800305717229660000000

0,005301102804908592300000	0,000003714051991920977800
0,000003714051991920977800	0,005301102804908592300000
0,000000000000000000000000	0,001764672341189388100000
0,001764672341189388100000	0,000000000000000000000000

1,000000000000000000000000	0,000000000000000000000000	0,000000000000000000000000	0,000000000000000000000000
0,000000000000000000000000	1,000000000000000000000000	0,000000000000000000000000	0,000000000000000000000000

0,000000000000000000000000	0,000000000000000000000000
0,000000000000000000000000	0,000000000000000000000000

1,000000000000000000000000	0,000000000000000000000000
0,000000000000000000000000	1,000000000000000000000000

0,250000000000000000000000	0,000000000000000000000000
0,000000000000000000000000	0,250000000000000000000000

0,399999999999999910000000	0,000000000000000000000000
0,000000000000000000000000	0,399999999999999910000000

1,000000000000000000000000	0,000000000000000000000000
0,000000000000000000000000	1,000000000000000000000000

6
0,079772145756826118000000	1,360284934152984800000000	1,454860748502475400000000	2,072044274719710100000000	0,599132677112686140000000	-0,057493650560976842000000
0,108123163826188470000000	-0,586528774254867270000000	-0,563938577009509560000000	-0,506997428503564770000000	-0,264428416679745260000000	0,418852046393016760000000
-0,136180109139939750000000	1,371034989170907500000000	1,678917824283341400000000	0,109786169780872330000000	1,036843328274366800000000	-3,772866708563865400000000
-0,238536835883965600000000	2,467862037861177500000000	0,908583706360249650000000	2,158590220261239700000000	0,040311829710504843000000	2,531074585828630300000000
-0,076434134140627774000000	0,800078858267088240000000	0,003834249736100754600000	0,851777853752787470000000	-0,078374290231295413000000	-0,679896471586577840000000
0,005713633069803315100000	-0,058552755049839270000000	-0,006411029564058444400000	-0,054481945377801072000000	0,058470995003586906000000	0,978049369899901430000000

-0,230126574982970010000000	0,000470425047110480890000
-0,299833303986058010000000	-0,053058788133427119000000
-0,480313727107012420000000	0,508974007112347080000000
-0,712091898004189710000000	-0,392608739139200360000000
-0,210043765187762220000000	0,183681390570684110000000
0,018146982440908739000000	-0,689442980077526580000000

-0,547570123803162170000000	-3,401178676632580900000000	-0,214507313829761400000000	0,264277682489283520000000	0,173975227946293500000000	0,017006539514319758000000
-0,001919136356259848100000	0,015016472304774570000000	-0,484570471838832620000000	0,806601979559613770000000	-1,827408473029533000000000	-2,790913096802372500000000

8,470007683654115400000000	-0,005897828765677328800000
-0,005897828765664622800000	8,470007683654101200000000
