0

0,100

0,998664435139008710000000	0,000000000000000000000000	0,003548172528609999100000	0,000000000000000000000000
0,000000000000000000000000	0,998373328858393360000000	0,000000000000000000000000	0,003547655173780582600000
0,000000000000000000000000	0,000000000000000000000000	0,996449454545846770000000	0,000000000000000000000000
0,000000000000000000000000	0,000000000000000000000000	0,000000000000000000000000	0,996449454545846770000000

0,005301621387731689100000	0,000003265426563762714200
0,000003139528107193268500	0,005230170838365409300000
0,000000000000000000000000	0,001835856940689837700000
0,001765247058355613300000	0,000000000000000000000000

1,000000000000000000000000	0,000000000000000000000000	0,000000000000000000000000	0,000000000000000000000000
0,000000000000000000000000	1,000000000000000000000000	0,000000000000000000000000	0,000000000000000000000000

0,000000000000000000000000	0,000000000000000000000000
0,000000000000000000000000	0,000000000000000000000000

1,000000000000000000000000	0,000000000000000000000000
0,000000000000000000000000	1,000000000000000000000000

0,250000000000000000000000	0,000000000000000000000000
0,000000000000000000000000	0,250000000000000000000000

0,399999999999999910000000	0,000000000000000000000000
0,000000000000000000000000	0,399999999999999910000000

1,000000000000000000000000	0,000000000000000000000000
0,000000000000000000000000	1,000000000000000000000000

6
2,917173650510347400000000	-1,681231154873697800000000	0,773296311388985580000000	-0,206373272046905140000000	0,317744730417829750000000	-0,140953758547616770000000
1,320951640035491500000000	-0,312832106313141400000000	0,613827720767850750000000	0,871034291619876780000000	0,506522440267779930000000	0,102823267291638460000000
-1,820690529187973600000000	1,630569344899107200000000	1,298916875538821000000000	1,954665722390290800000000	0,792407899312073780000000	0,023761675742204974000000
1,204151777214256300000000	-0,446984925697893940000000	0,863270263365285340000000	0,472316052177678030000000	0,145675298003020040000000	-0,082921584564185344000000
-0,532683149776604690000000	-0,766437634118780190000000	-2,417510449974123300000000	-1,920436671281778200000000	-0,571856163317301050000000	0,091576378052224378000000
-1,133907702454877800000000	-0,291282081634190120000000	-0,920798219091550800000000	-1,031516557539234900000000	-0,064452683678905165000000	0,085177164729193552000000

0,066503731731107504000000	0,933827520536170350000000
0,327052667525220770000000	-0,177918596411949760000000
0,716328315818304470000000	-0,104839138883376410000000
0,510728003112682960000000	0,102749993387465820000000
-0,166052281576751060000000	-0,040107920135729093000000
-0,142360728621656940000000	-0,083566405436559965000000

-0,485362652863867090000000	-1,305036728797761800000000	-0,748056533158998670000000	1,200915900652585800000000	0,517076297156405130000000	-0,366919225321986730000000
-0,374213182122238860000000	-0,325533369889511650000000	0,723225616875806670000000	-0,887706265160815850000000	0,889245117275704770000000	-1,441286934363436500000000

7,795027576792316300000000	-0,004873943812077005000000
-0,004600757739305239900000	7,824650217592516600000000
