0

0,100

0,998469027482184250000000	0,000000000000000000000000	0,004196476398640170600000	0,000000000000000000000000
0,000000000000000000000000	0,998469027482184250000000	0,000000000000000000000000	0,004196476398640170600000
0,000000000000000000000000	0,000000000000000000000000	0,995800305717229660000000	0,000000000000000000000000
0,000000000000000000000000	0,000000000000000000000000	0,000000000000000000000000	0,995800305717229660000000

0,005301102804908592300000	0,000003714051991920977800
0,000003714051991920977800	0,005301102804908592300000
0,000000000000000000000000	0,001764672341189388100000
0,001764672341189388100000	0,000000000000000000000000

1,000000000000000000000000	0,000000000000000000000000	0,000000000000000000000000	0,000000000000000000000000
0,000000000000000000000000	1,000000000000000000000000	0,000000000000000000000000	0,000000000000000000000000

0,000000000000000000000000	0,000000000000000000000000
0,000000000000000000000000	0,000000000000000000000000

1,000000000000000000000000	0,000000000000000000000000
0,000000000000000000000000	1,000000000000000000000000

0,250000000000000000000000	0,000000000000000000000000
0,000000000000000000000000	0,250000000000000000000000

0,399999999999999910000000	0,000000000000000000000000
0,000000000000000000000000	0,399999999999999910000000

1,000000000000000000000000	0,000000000000000000000000
0,000000000000000000000000	1,000000000000000000000000

6
0,666156932432852680000000	1,423323043310751500000000	2,330977574558905200000000	1,664291281728232300000000	0,419157599818005540000000	-0,086546961996906147000000
-0,196511693557970240000000	-0,863609524323253660000000	-1,197851181442038100000000	-0,688448882501692010000000	-0,271423913625940540000000	0,388490591741513350000000
0,296023136844096700000000	1,850801471744163200000000	1,907097877452694100000000	0,184868703133565570000000	0,760510058971813560000000	-2,702979834615399500000000
0,249667459502150580000000	1,636985506702151700000000	0,829243341619779080000000	1,767482286966528500000000	-0,411095454318416210000000	3,675956784571857500000000
0,066803002441249981000000	0,445012683340345380000000	0,120423335860119450000000	0,526049674662080640000000	-0,167041744155083880000000	-1,022151230017374500000000
-0,011713763262574438000000	-0,075648851401563230000000	-0,024936977377016441000000	-0,072601267606200989000000	0,144633686356077290000000	1,074459926584011300000000

-0,392778231280037080000000	0,000462989414304470530000
-0,168641896472552620000000	-0,045634001194769826000000
-0,674611404342469360000000	0,346658623207993230000000
-0,507896734069624100000000	-0,532702398655558680000000
-0,130265984592307450000000	0,211695010808443550000000
0,024756753494140325000000	-0,680084620816360340000000

-0,932319418572656320000000	-3,384136613734319600000000	-0,477584403374577800000000	-0,017930255078701558000000	0,031017434020216936000000	0,021068773330523278000000
0,001209682759702648100000	0,011415433057389485000000	-0,173718041349736340000000	0,571963636204531610000000	-1,838096796770393200000000	-2,969067611340125500000000

6,387095166088047700000000	-0,004447456839070221100000
-0,004447456839060672300000	6,387095166088055700000000
