0

0,100

0,998469027482184250000000	0,000000000000000000000000	0,004196476398640170600000	0,000000000000000000000000
0,000000000000000000000000	0,998469027482184250000000	0,000000000000000000000000	0,004196476398640170600000
0,000000000000000000000000	0,000000000000000000000000	0,995800305717229660000000	0,000000000000000000000000
0,000000000000000000000000	0,000000000000000000000000	0,000000000000000000000000	0,995800305717229660000000

0,005301102804908592300000	0,000003714051991920977800
0,000003714051991920977800	0,005301102804908592300000
0,000000000000000000000000	0,001764672341189388100000
0,001764672341189388100000	0,000000000000000000000000

1,000000000000000000000000	0,000000000000000000000000	0,000000000000000000000000	0,000000000000000000000000
0,000000000000000000000000	1,000000000000000000000000	0,000000000000000000000000	0,000000000000000000000000

0,000000000000000000000000	0,000000000000000000000000
0,000000000000000000000000	0,000000000000000000000000

1,000000000000000000000000	0,000000000000000000000000
0,000000000000000000000000	1,000000000000000000000000

0,250000000000000000000000	0,000000000000000000000000
0,000000000000000000000000	0,250000000000000000000000

0,399999999999999910000000	0,000000000000000000000000
0,000000000000000000000000	0,399999999999999910000000

1,000000000000000000000000	0,000000000000000000000000
0,000000000000000000000000	1,000000000000000000000000

6
0,081610380754853912000000	1,447102089038997000000000	-1,210372869201312000000000	-0,640279125027282460000000	-0,219348984073612090000000	-0,141028153193877260000000
0,060540679935044861000000	0,149206317704067390000000	0,198578653255404360000000	0,212672901536923000000000	-0,336260854181269050000000	0,213705363307706590000000
0,055453914524683720000000	-3,615184204712890400000000	1,455820129541874700000000	0,415660493607270700000000	1,571608646095411300000000	-0,457124578511945430000000
0,017312645266563030000000	-1,356506230384633800000000	0,376991331823324120000000	1,591373714358015300000000	-3,468376929644913600000000	2,111057535472498500000000
0,007127022642956606600000	-0,514645095372093580000000	0,093289853089656344000000	0,282853726137772650000000	0,931519476872916140000000	-0,884765106667677270000000
0,004203577076702542800000	-0,318810762641933480000000	0,048314021326517805000000	0,229382443123778840000000	0,259247779823061080000000	-0,162902145178645490000000

0,160247687074838020000000	-0,000799587897982581240000
0,572247600264894410000000	-0,055176602540738653000000
-0,666839050063795400000000	0,165363890101638660000000
-0,329837567807132640000000	-0,600772365382451930000000
-0,112407100609630120000000	0,679263807129032780000000
-0,074450720787996708000000	-0,268467826526732840000000

1,710846016236495800000000	2,242198521841754800000000	1,618282634329151200000000	0,401500007318008720000000	0,168234422591865300000000	0,115660880240285490000000
0,000476824522288828330000	-0,020972974375116936000000	0,062462567733470087000000	0,680214653175481020000000	-0,213108667010131980000000	-3,203704193507731700000000

10,954034998942682000000000	-0,007627504617457323300000
-0,007627504617441163500000	10,954034998942678000000000
