0

0,100

0,998469027482184250000000	0,000000000000000000000000	0,004196476398640170600000	0,000000000000000000000000
0,000000000000000000000000	0,998469027482184250000000	0,000000000000000000000000	0,004196476398640170600000
0,000000000000000000000000	0,000000000000000000000000	0,995800305717229660000000	0,000000000000000000000000
0,000000000000000000000000	0,000000000000000000000000	0,000000000000000000000000	0,995800305717229660000000

0,005301102804908592300000	0,000003714051991920977800
0,000003714051991920977800	0,005301102804908592300000
0,000000000000000000000000	0,001764672341189388100000
0,001764672341189388100000	0,000000000000000000000000

1,000000000000000000000000	0,000000000000000000000000	0,000000000000000000000000	0,000000000000000000000000
0,000000000000000000000000	1,000000000000000000000000	0,000000000000000000000000	0,000000000000000000000000

0,000000000000000000000000	0,000000000000000000000000
0,000000000000000000000000	0,000000000000000000000000

1,000000000000000000000000	0,000000000000000000000000
0,000000000000000000000000	1,000000000000000000000000

0,250000000000000000000000	0,000000000000000000000000
0,000000000000000000000000	0,250000000000000000000000

0,399999999999999910000000	0,000000000000000000000000
0,000000000000000000000000	0,399999999999999910000000

1,000000000000000000000000	0,000000000000000000000000
0,000000000000000000000000	1,000000000000000000000000

6
-0,049765503593345653000000	2,833522888337691300000000	1,084501084814743400000000	0,276382548456966410000000	0,050739005402938464000000	-0,010738524395921812000000
-0,305004432074788060000000	2,704566063424826500000000	-0,294795588040842550000000	-0,178068071482910370000000	-0,117433698647261220000000	0,194173652593526040000000
-0,486112655855060530000000	3,519915672485422100000000	-0,038289477904961580000000	-0,717758165079977030000000	0,492443472860564890000000	-1,434694625144133700000000
-0,170312594163288700000000	1,265415679076219200000000	-0,353120754978979430000000	1,145554180565935100000000	-1,386120801565147600000000	4,258764657958997700000000
-0,032600812402245258000000	0,242506037064162820000000	-0,091461178963942028000000	0,145632639022916040000000	-0,176080495923652210000000	-2,320320116988564800000000
0,006744209209120498800000	-0,049496298474758796000000	0,016655673087664830000000	-0,017708984493075335000000	0,154508149559084460000000	1,232474600106328300000000

0,104536825150384690000000	-0,000118759133873930960000
0,408879936460426530000000	-0,011960697360729628000000
0,208011088298839080000000	0,090536540648169725000000
0,059466136988395715000000	-0,284589954825899110000000
0,011264816175449121000000	0,187384375325639620000000
-0,002610153644105235800000	-0,317182926207811520000000

-0,030217875396930313000000	0,814901955465566540000000	-0,477461570617461750000000	-0,223215792409940880000000	-0,043200773643107024000000	0,010522536377822972000000
0,000413890303150349970000	-0,002620748732138012500000	-0,006490604218893494100000	0,045781547477698428000000	-0,320862085942096860000000	-0,916325593427999570000000

0,522778805970383730000000	-0,000364020907073039890000
-0,000364020907072200880000	0,522778805970380730000000
