0

0,100

0,998469027482184250000000	0,000000000000000000000000	0,004196476398640170600000	0,000000000000000000000000
0,000000000000000000000000	0,998469027482184250000000	0,000000000000000000000000	0,004196476398640170600000
0,000000000000000000000000	0,000000000000000000000000	0,995800305717229660000000	0,000000000000000000000000
0,000000000000000000000000	0,000000000000000000000000	0,000000000000000000000000	0,995800305717229660000000

0,005301102804908592300000	0,000003714051991920977800
0,000003714051991920977800	0,005301102804908592300000
0,000000000000000000000000	0,001764672341189388100000
0,001764672341189388100000	0,000000000000000000000000

1,000000000000000000000000	0,000000000000000000000000	0,000000000000000000000000	0,000000000000000000000000
0,000000000000000000000000	1,000000000000000000000000	0,000000000000000000000000	0,000000000000000000000000

0,000000000000000000000000	0,000000000000000000000000
0,000000000000000000000000	0,000000000000000000000000

1,000000000000000000000000	0,000000000000000000000000
0,000000000000000000000000	1,000000000000000000000000

0,250000000000000000000000	0,000000000000000000000000
0,000000000000000000000000	0,250000000000000000000000

0,399999999999999910000000	0,000000000000000000000000
0,000000000000000000000000	0,399999999999999910000000

1,000000000000000000000000	0,000000000000000000000000
0,000000000000000000000000	1,000000000000000000000000

6
0,575211720602993860000000	-1,148287859645519700000000	-2,097912808250992800000000	-1,759828559007321900000000	-0,522184055659488330000000	0,045586394444993246000000
0,218572333662230530000000	-0,937108809233653690000000	-1,355902068674278200000000	-0,964383967262819830000000	-0,390327017097539420000000	0,322725222587221640000000
-0,313696894819069480000000	1,699360780556633100000000	1,984242404418039800000000	0,201405524834716850000000	1,049526846735762600000000	-2,985400931402570500000000
-0,297892272960218920000000	1,690635206355817200000000	0,873582391527682130000000	1,988076707361445200000000	-0,456594517430936760000000	3,511535249076369600000000
-0,094318000616515560000000	0,547519812321374920000000	0,119613755415297650000000	0,762271940759873810000000	-0,097682030783943732000000	-0,647446126445161530000000
0,006561273669876199100000	-0,036120802463667855000000	-0,010913095080821160000000	-0,040238295494233842000000	0,051791253439058688000000	0,994532854394200580000000

0,362653965404258590000000	-0,000428497385319137180000
-0,099199599812386227000000	-0,040001188163237118000000
-0,643794927643509320000000	0,409352823333135500000000
-0,564078955647651200000000	-0,536499369782812870000000
-0,171074388694214980000000	0,203245022547392180000000
0,013110781852565378000000	-0,636508955717348330000000

0,945046685984167970000000	-2,985331943459159600000000	-0,640456264930782450000000	-0,296422519593636520000000	-0,045125778126044638000000	0,022203840370598936000000
-0,001105957718905571700000	0,008547940113106349300000	-0,216266136097027770000000	0,554252098412258860000000	-1,201058258489771100000000	-2,917073580524049500000000

4,728445903085668300000000	-0,003292507552027816800000
-0,003292507552021014500000	4,728445903085646100000000
