0

0,100

0,998469027482184250000000	0,000000000000000000000000	0,004196476398640170600000	0,000000000000000000000000
0,000000000000000000000000	0,998469027482184250000000	0,000000000000000000000000	0,004196476398640170600000
0,000000000000000000000000	0,000000000000000000000000	0,995800305717229660000000	0,000000000000000000000000
0,000000000000000000000000	0,000000000000000000000000	0,000000000000000000000000	0,995800305717229660000000

0,005301102804908592300000	0,000003714051991920977800
0,000003714051991920977800	0,005301102804908592300000
0,000000000000000000000000	0,001764672341189388100000
0,001764672341189388100000	0,000000000000000000000000

1,000000000000000000000000	0,000000000000000000000000	0,000000000000000000000000	0,000000000000000000000000
0,000000000000000000000000	1,000000000000000000000000	0,000000000000000000000000	0,000000000000000000000000

0,000000000000000000000000	0,000000000000000000000000
0,000000000000000000000000	0,000000000000000000000000

1,000000000000000000000000	0,000000000000000000000000
0,000000000000000000000000	1,000000000000000000000000

0,250000000000000000000000	0,000000000000000000000000
0,000000000000000000000000	0,250000000000000000000000

0,399999999999999910000000	0,000000000000000000000000
0,000000000000000000000000	0,399999999999999910000000

1,000000000000000000000000	0,000000000000000000000000
0,000000000000000000000000	1,000000000000000000000000

6
0,950857413901886830000000	-0,340838584611226510000000	-1,483610958785892600000000	2,213508492968387900000000	2,027766251581723200000000	-0,047696071557777692000000
-0,549998469478095280000000	-0,431769371094240570000000	1,142088919590545700000000	-2,142311461263611200000000	-1,847034338224544700000000	0,464700590769048520000000
-0,128364467069552790000000	-0,354768621288442330000000	1,131973180451202500000000	-0,392608922915177850000000	-0,199204802503842870000000	-3,535670618284204800000000
0,115203670843970500000000	0,326607902028380640000000	0,856037453811335780000000	1,029261861454654000000000	0,770284796184551920000000	-2,821569758188847900000000
0,173905897687199550000000	0,480769082922628930000000	-1,238000237693729800000000	0,422743422819657600000000	0,515604436859349870000000	0,542404101648712440000000
-0,001640548750428758300000	-0,004764488508794634800000	0,017242540187820211000000	-0,000560919470394907050000	0,014208266806000923000000	0,978291560325017960000000

-0,457440498804738920000000	0,000496600497984157960000
0,290399502242967510000000	-0,055760729491753563000000
0,362798457604947500000000	0,561606473452564430000000
-0,509198320477678880000000	0,353434376439822010000000
-0,494529571139475880000000	0,001456633612743148500000
0,009787340473763596300000	-0,696932782824522420000000

-0,971209567291437590000000	-2,761218620529551200000000	0,551515675809976510000000	-1,252091047366445100000000	-0,761050230188022430000000	0,047379532330442078000000
0,002574766524058151900000	0,006469588210829116400000	-1,672280282960714400000000	-0,040508916622476243000000	-1,207987207118671200000000	-2,600668414813404700000000

9,229647500222256400000000	-0,006426780536317022900000
-0,006426780536303226600000	9,229647500222261800000000
