0

0,100

0,998469027482184250000000	0,000000000000000000000000	0,004196476398640170600000	0,000000000000000000000000
0,000000000000000000000000	0,998469027482184250000000	0,000000000000000000000000	0,004196476398640170600000
0,000000000000000000000000	0,000000000000000000000000	0,995800305717229660000000	0,000000000000000000000000
0,000000000000000000000000	0,000000000000000000000000	0,000000000000000000000000	0,995800305717229660000000

0,005301102804908592300000	0,000003862614071597816400
0,000003714051991920977800	0,005230421434176478500000
0,000000000000000000000000	0,001835259234836963400000
0,001764672341189388100000	0,000000000000000000000000

1,000000000000000000000000	0,000000000000000000000000	0,000000000000000000000000	0,000000000000000000000000
0,000000000000000000000000	1,000000000000000000000000	0,000000000000000000000000	0,000000000000000000000000

0,000000000000000000000000	0,000000000000000000000000
0,000000000000000000000000	0,000000000000000000000000

1,000000000000000000000000	0,000000000000000000000000
0,000000000000000000000000	1,000000000000000000000000

0,250000000000000000000000	0,000000000000000000000000
0,000000000000000000000000	0,250000000000000000000000

0,399999999999999910000000	0,000000000000000000000000
0,000000000000000000000000	0,399999999999999910000000

1,000000000000000000000000	0,000000000000000000000000
0,000000000000000000000000	1,000000000000000000000000

6
2,549034583609657700000000	-0,684340046849282510000000	1,509471971979985600000000	0,232806795668184660000000	0,279812004473071420000000	-0,125651785375098720000000
0,832499938163508760000000	1,605614566090069800000000	1,592764947529161200000000	1,738686635061407200000000	0,408868556269048500000000	-0,118675485647490500000000
-1,583960113759385900000000	1,370136874899805500000000	0,305205967732780580000000	0,724473112681888850000000	0,153171416908256860000000	-0,094891259102163436000000
0,387339241335838020000000	-1,184382057302647600000000	-0,253457183270214660000000	-0,536163191383538070000000	-0,198428037222803330000000	-0,154359237733014660000000
0,097976747477995479000000	-0,558338071383739590000000	-0,431827190699978380000000	0,297971002984634410000000	-0,173021071356075170000000	-0,314339421382248130000000
-0,878081093451757670000000	0,605085673837282730000000	0,729045240646333140000000	0,547284452900271500000000	0,201789790474059870000000	-0,171543161465534800000000

0,440434023635856540000000	1,846042627505867500000000
1,483791924559154400000000	-0,447397088200697510000000
1,014331374794086700000000	-0,171244939971422230000000
0,408114457837163600000000	0,157759306925033590000000
0,178993957285223300000000	0,023236767116593157000000
0,260584739286625510000000	-0,171968586694243060000000

-0,328268451118241540000000	-1,116617113667987900000000	-0,958114844659233360000000	-1,000508190077237500000000	-1,240197887435534200000000	-0,620742569935348930000000
-1,764566744784923800000000	0,896435685665097240000000	-0,302057087635262460000000	-0,418936333010547670000000	0,572770324900327980000000	-0,768573133413361090000000

17,307314233834735000000000	-0,012969678408763089000000
-0,011803018401178591000000	17,341553485644557000000000
