0

0,100

0,998469027482184250000000	0,000000000000000000000000	0,004196476398640170600000	0,000000000000000000000000
0,000000000000000000000000	0,998469027482184250000000	0,000000000000000000000000	0,004196476398640170600000
0,000000000000000000000000	0,000000000000000000000000	0,995800305717229660000000	0,000000000000000000000000
0,000000000000000000000000	0,000000000000000000000000	0,000000000000000000000000	0,995800305717229660000000

0,005301102804908592300000	0,000003714051991920977800
0,000003714051991920977800	0,005301102804908592300000
0,000000000000000000000000	0,001764672341189388100000
0,001764672341189388100000	0,000000000000000000000000

1,000000000000000000000000	0,000000000000000000000000	0,000000000000000000000000	0,000000000000000000000000
0,000000000000000000000000	1,000000000000000000000000	0,000000000000000000000000	0,000000000000000000000000

0,000000000000000000000000	0,000000000000000000000000
0,000000000000000000000000	0,000000000000000000000000

1,000000000000000000000000	0,000000000000000000000000
0,000000000000000000000000	1,000000000000000000000000

0,250000000000000000000000	0,000000000000000000000000
0,000000000000000000000000	0,250000000000000000000000

0,399999999999999910000000	0,000000000000000000000000
0,000000000000000000000000	0,399999999999999910000000

1,000000000000000000000000	0,000000000000000000000000
0,000000000000000000000000	1,000000000000000000000000

6
-0,534941426854627200000000	2,432936338399300300000000	-0,214656602229506470000000	-0,268638669895272630000000	-0,233795334186300330000000	-0,000994215122490729050000
-1,631857826851999400000000	3,788365104482363000000000	1,128973532695376700000000	0,739526400115413260000000	0,311297330661330810000000	0,202408660671573290000000
0,706341246520721830000000	-1,299565131900773300000000	0,050529915588681723000000	-1,569226028376839300000000	0,317298268455269820000000	-2,879855474428633300000000
0,565029575045543630000000	-1,031625643097415800000000	-0,886621950683614710000000	0,818984801060065550000000	-0,676695167283989370000000	3,941612034317951300000000
0,421990973695825220000000	-0,767579878596137740000000	-0,934351036756813300000000	0,920783533560320940000000	-0,414643668499707020000000	0,397040272818376060000000
-0,005096512937880173800000	0,009428915472251895100000	0,011679430397559816000000	-0,006515805734593332700000	0,014489790748505954000000	0,982440326044560770000000

0,002515335008631748600000	0,000225015055540764980000
-0,946380029717378780000000	-0,028459645570703199000000
0,050384254713377742000000	0,402133278057580650000000
0,081026428321884489000000	-0,610513889907338010000000
0,075310008500797609000000	0,026623935928040750000000
-0,000096698009202556348000	-0,611931149857643630000000

0,515883812078707150000000	-0,990598827475109190000000	-1,109439513353634600000000	-0,713686363795376310000000	-0,470635870693215440000000	0,014757841108993516000000
-0,002397320786524095500000	0,004200501191223851600000	-0,108055274111530310000000	0,352372691137493480000000	-0,305042498684368950000000	-1,726390902371612000000000

2,248965237911138400000000	-0,001565997619905121300000
-0,001565997619901850300000	2,248965237911140700000000
