1

0,100000000000000010000000

0,998469027482184250000000	0,000000000000000000000000	0,004196476398640170600000	0,000000000000000000000000
0,000000000000000000000000	0,998469027482184250000000	0,000000000000000000000000	0,004196476398640170600000
0,000000000000000000000000	0,000000000000000000000000	0,995800305717229660000000	0,000000000000000000000000
0,000000000000000000000000	0,000000000000000000000000	0,000000000000000000000000	0,995800305717229660000000

0,004240882243926873100000	0,000005942483187073563500
0,000005942483187073563500	0,004240882243926873100000
0,000000000000000000000000	0,002823475745903020500000
0,002823475745903020500000	0,000000000000000000000000

1,000000000000000000000000	0,000000000000000000000000	0,000000000000000000000000	0,000000000000000000000000
0,000000000000000000000000	1,000000000000000000000000	0,000000000000000000000000	0,000000000000000000000000

0,000000000000000000000000	0,000000000000000000000000
0,000000000000000000000000	0,000000000000000000000000

1,000000000000000000000000	0,000000000000000000000000
0,000000000000000000000000	1,000000000000000000000000

0,250000000000000000000000	0,000000000000000000000000
0,000000000000000000000000	0,250000000000000000000000

0,399999999999991470000000	0,000000000000000000000000
0,000000000000000000000000	0,399999999999991470000000

30,000000000000000000000000	0,000000000000000000000000
0,000000000000000000000000	30,000000000000000000000000

0,000000000000000000000000	0,000000000000000000000000
0,000000000000000000000000	0,000000000000000000000000

0,000000000000000000000000	0,000000000000000000000000
0,000000000000000000000000	0,000000000000000000000000

0,000000000000000000000000	0,000000000000000000000000
0,000000000000000000000000	0,000000000000000000000000

1,000000000000000000000000	0,000000000000000000000000
0,000000000000000000000000	1,000000000000000000000000

6
0,996734410379507610000000	-0,000025248246368709368000	0,005080778463062096700000	-0,001893618477653243000000	0,000000000000000000000000	0,000000000000000000000000
-0,000025248246368757883000	0,996734410379507830000000	-0,001893618477656881600000	0,005080778463078555700000	0,000000000000000000000000	0,000000000000000000000000
-0,002992990873088259700000	-0,000028281079653211967000	0,772188316398838110000000	-0,002101486820526743400000	0,000015117619068242237000	0,000040928198558269522000
-0,000028281079653210469000	-0,002992990873088199900000	-0,002101486820526865700000	0,772188316398837890000000	0,000040928198557971543000	0,000015117619068497241000
0,000007494298951863842800	-0,001970209737804515900000	0,000576802962714063050000	-0,148968405017544770000000	0,995831455602707580000000	-0,002783890126545467000000
-0,001970209737804554500000	0,000007494298951903579700	-0,148968405017544580000000	0,000576802962717203660000	-0,002783890126545636600000	0,995831455602707800000000

0,008163974051231263200000	0,000063120615921774770000
0,000063120615921896051000	0,008163974051230715000000
0,003428852536744597100000	0,000069014519547040535000
0,000069014519547038936000	0,003428852536744610600000
-0,000016078025228199312000	0,002226716406430233300000
0,002226716406430221600000	-0,000016078025228300224000

-0,335487299731082660000000	0,002262530483129838200000	-25,587502859099633000000000	0,174906952114702670000000	-0,985979826667601310000000	0,011032460797051516000000
0,002262530483130054600000	-0,335487299731067280000000	0,174906952114662120000000	-25,587502859099587000000000	0,011032460796981336000000	-0,985979826667541250000000

-0,117127729514966510000000	-0,004715031721652632400000
-0,004715031721652616700000	-0,117127729514966430000000
