1

0,1

0,998469	0	0,00419648	0
0	0,998469	0	0,00419648
0	0	0,9958	0
0	0	0	0,9958

0,00424088	5,94248e-06
5,94248e-06	0,00424088
0	0,00282348
0,00282348	0

1	0	0	0
0	1	0	0

0	0
0	0

0,986002	-0,00413168	-0,0593879	-0,00681574	0,954058	-0,967598
-0,0035214	0,985379	-0,121956	-0,189934	0,864291	0,319461
-0,00202186	0,0279152	-0,234762	-0,00257662	3,6551	2,89994
-0,0032352	-0,0265205	-0,000867141	-0,0317631	-4,29525	-1,82833
-0,00016544	-0,000222764	0,000830919	0,000946501	0,962374	0,00616368
4,51408e-05	-0,000134166	0,000284954	0,000472983	-0,00706466	0,98551

0,0874871	0,025823
0,0220087	0,091379
0,00464317	0,00411282
-0,00346568	-0,00585354
0,000536313	0,000630971
-9,71958e-05	0,000386618

0,00443612	-0,152368	-0,00590691	0,0031437	-20,9574	-15,0269
-0,15356	0,000443565	0,000738248	-0,00721357	-24,7518	29,7538

-0,0136358	-0,0343125
-0,0307069	-0,00863043

1	0
0	1

0,25	0
0	0,25

0,16	0
0	0,16

1	0
0	1
