1

0,100000000000000010000000

0,998469027482184250000000	0,000000000000000000000000	0,004196476398640170600000	0,000000000000000000000000
0,000000000000000000000000	0,998469027482184250000000	0,000000000000000000000000	0,004196476398640170600000
0,000000000000000000000000	0,000000000000000000000000	0,995800305717229660000000	0,000000000000000000000000
0,000000000000000000000000	0,000000000000000000000000	0,000000000000000000000000	0,995800305717229660000000

0,004240882243926873100000	0,000005942483187073563500
0,000005942483187073563500	0,004240882243926873100000
0,000000000000000000000000	0,002823475745903020500000
0,002823475745903020500000	0,000000000000000000000000

1,000000000000000000000000	0,000000000000000000000000	0,000000000000000000000000	0,000000000000000000000000
0,000000000000000000000000	1,000000000000000000000000	0,000000000000000000000000	0,000000000000000000000000

0,000000000000000000000000	0,000000000000000000000000
0,000000000000000000000000	0,000000000000000000000000

1,000000000000000000000000	0,000000000000000000000000
0,000000000000000000000000	1,000000000000000000000000

0,250000000000000000000000	0,000000000000000000000000
0,000000000000000000000000	0,250000000000000000000000

0,399999999999863580000000	0,000000000000000000000000
0,000000000000000000000000	0,399999999999863580000000

300,000000000000000000000000	0,000000000000000000000000
0,000000000000000000000000	300,000000000000000000000000

0,367879441171442330000000	0,000000000000000000000000
0,000000000000000000000000	0,367879441171442330000000

1,000000000000000000000000	0,000000000000000000000000
0,000000000000000000000000	1,000000000000000000000000

0,632120558828557670000000	0,000000000000000000000000
0,000000000000000000000000	0,632120558828557670000000

0,000000000000000000000000	0,000000000000000000000000
0,000000000000000000000000	0,000000000000000000000000

8
0,999666914134373030000000	-0,000000153082033814167360	0,000185600779717187690000	-0,000114811525360664680000	0,000000000000000000000000	0,000000000000000000000000	0,000000000000000000000000	0,000000000000000000000000
-0,000000153082033820019800	0,999666914134373030000000	-0,000114811525365054010000	0,000185600779714939490000	0,000000000000000000000000	0,000000000000000000000000	0,000000000000000000000000	0,000000000000000000000000
-0,000967809661726818340000	-0,000003720692595654516900	0,272611781186822940000000	-0,002790519446741839300000	0,004196476398640170600000	0,000000000000000000000000	0,002680748853957162500000	0,000003756365793042249200
-0,000003720692595654592700	-0,000967809661726818550000	-0,002790519446741896100000	0,272611781186822720000000	0,000000000000000000000000	0,004196476398640170600000	0,000003756365793042249200	0,002680748853957162500000
0,000000894352203564780610	-0,000641987653462792560000	0,000670764152673814260000	-0,481490740097258620000000	0,995800305717229660000000	0,000000000000000000000000	0,000000000000000000000000	0,001784777066339096100000
-0,000641987653462793650000	0,000000894352203565613350	-0,481490740097259450000000	0,000670764152674438860000	0,000000000000000000000000	0,995800305717229660000000	0,001784777066339096100000	0,000000000000000000000000
-0,080430103440037454000000	0,001725998262839632700000	-59,695829988431541000000000	1,293254962211290800000000	-2,186968807465207400000000	0,003083376660134534800000	-0,388295295215647760000000	-0,003052121122505463800000
0,001725998262842575500000	-0,080430103439957198000000	1,293254962211275900000000	-59,695829988431406000000000	0,003083376660130700600000	-2,186968807465195000000000	-0,003052121122505619000000	-0,388295295215646990000000

0,000832714664067609410000	0,000000382705084535548940
0,000000382705084550180060	0,000832714664067616890000
0,002419524154317871100000	0,000009301731489139464400
0,000009301731489139654100	0,002419524154317871600000
-0,000002235880508912714100	0,001604969133657528800000
0,001604969133657531600000	-0,000002235880508914796100
-0,455039060062080390000000	-0,003602409165773714200000
-0,003602409165773883300000	-0,455039060062079560000000

-0,058653504766855158000000	0,001695683433991054400000	-43,363380983539258000000000	1,270518840574849300000000	-2,186968807465207400000000	0,003083376660134534800000	-0,756174736387090100000000	-0,003052121122505463800000
0,001695683433994008200000	-0,058653504766774944000000	1,270518840574842700000000	-43,363380983539145000000000	0,003083376660130700600000	-2,186968807465195000000000	-0,003052121122505619000000	-0,756174736387089320000000

-0,509480556745054660000000	-0,003526622093652242700000
-0,003526622093652439200000	-0,509480556745053770000000
