0

0,100

-0,033495700000000003000000	0,745076999999999990000000	0,000000000000000000000000	0,000000000000000000000000
0,745076999999999990000000	-0,033495700000000003000000	0,000000000000000000000000	0,000000000000000000000000
0,000000000000000000000000	0,000000000000000000000000	0,998592999999999950000000	0,000000000000000000000000
0,000000000000000000000000	0,000000000000000000000000	0,000000000000000000000000	0,999333999999999940000000

0,063889299999999996000000	0,036722100000000001000000
-0,010900600000000000000000	0,055674800000000003000000
-0,000417212999999999990000	-0,000015491800000000000000
-0,000180197000000000000000	-0,000299377999999999990000

-0,328419000000000020000000	-0,444392999999999980000000	1,537539999999999900000000	-17,729500000000002000000000
-1,283110000000000000000000	1,326630000000000000000000	-12,959899999999999000000000	-8,594400000000000300000000

0,000000000000000000000000	0,000000000000000000000000
0,000000000000000000000000	0,000000000000000000000000

1,000000000000000000000000	0,000000000000000000000000
0,000000000000000000000000	1,000000000000000000000000

0,250000000000000000000000	0,000000000000000000000000
0,000000000000000000000000	0,250000000000000000000000

0,399999999999999910000000	0,000000000000000000000000
0,000000000000000000000000	0,399999999999999910000000

1,000000000000000000000000	0,000000000000000000000000
0,000000000000000000000000	1,000000000000000000000000

6
0,712157633187971650000000	-0,167607018941533850000000	0,046393113098783058000000	0,028179611232029396000000	0,110819622847528430000000	0,263936166641950080000000
-0,198197853954032330000000	0,650591061685608210000000	0,020253902666352411000000	0,077244041426660373000000	0,109788053509534470000000	0,230565733421076340000000
-0,178708873731648620000000	0,183653278291921210000000	-0,000833458028542494460000	0,006007468262026187400000	0,002967383102803230000000	0,007642852713718315700000
0,049845201242075601000000	0,081094851486339173000000	0,069751741921890320000000	0,015046225311650710000000	0,019393843580660989000000	0,065801678377043177000000
0,229535013102421830000000	0,334777620436114920000000	0,040633720109159666000000	0,072943749240861430000000	0,135450905407682870000000	0,283538428970792960000000
0,249150544942949390000000	0,294874002884619570000000	0,041886800670199696000000	0,062785640874914145000000	0,173664235770980810000000	0,283399152161493250000000

0,798432456781784540000000	1,058835491778865400000000
0,795925211521096300000000	-1,008381401502492600000000
0,088006014536748556000000	-0,131243218745122240000000
0,204808507729320110000000	-0,018235552953535850000000
0,566891458356304170000000	-0,051970597505225258000000
0,815129153521132690000000	-0,010451768688313011000000

-0,216767717443357930000000	-0,281262699851023420000000	0,081303399933779608000000	-0,055464182517416805000000	0,554992512703743610000000	-0,080961155346134919000000
-0,474054893202166150000000	0,212274884624066050000000	-1,750751798046089400000000	-0,046644909976671083000000	0,372815376712545280000000	-0,090911258989703800000000

-0,026363770091498630000000	0,309563023398877260000000
0,460793578581251250000000	0,381009102026744540000000
