1

0,100000000000000010000000

0,998469027482184250000000	0,000000000000000000000000	0,004196476398640170600000	0,000000000000000000000000
0,000000000000000000000000	0,998469027482184250000000	0,000000000000000000000000	0,004196476398640170600000
0,000000000000000000000000	0,000000000000000000000000	0,995800305717229660000000	0,000000000000000000000000
0,000000000000000000000000	0,000000000000000000000000	0,000000000000000000000000	0,995800305717229660000000

0,004240882243926873100000	0,000005942483187073563500
0,000005942483187073563500	0,004240882243926873100000
0,000000000000000000000000	0,002823475745903020500000
0,002823475745903020500000	0,000000000000000000000000

1,000000000000000000000000	0,000000000000000000000000	0,000000000000000000000000	0,000000000000000000000000
0,000000000000000000000000	1,000000000000000000000000	0,000000000000000000000000	0,000000000000000000000000

0,000000000000000000000000	0,000000000000000000000000
0,000000000000000000000000	0,000000000000000000000000

1,000000000000000000000000	0,000000000000000000000000
0,000000000000000000000000	1,000000000000000000000000

0,250000000000000000000000	0,000000000000000000000000
0,000000000000000000000000	0,250000000000000000000000

0,399999999999977260000000	0,000000000000000000000000
0,000000000000000000000000	0,399999999999977260000000

150,000000000000000000000000	0,000000000000000000000000
0,000000000000000000000000	150,000000000000000000000000

0,367879441171442330000000	0,000000000000000000000000
0,000000000000000000000000	0,367879441171442330000000

1,000000000000000000000000	0,000000000000000000000000
0,000000000000000000000000	1,000000000000000000000000

0,632120558828557670000000	0,000000000000000000000000
0,000000000000000000000000	0,632120558828557670000000

0,000000000000000000000000	0,000000000000000000000000
0,000000000000000000000000	0,000000000000000000000000

8
0,999334657410035240000000	-0,000000763200744859628860	0,000496528763205245080000	-0,000286200279322377090000	0,000000000000000000000000	0,000000000000000000000000	0,000000000000000000000000	0,000000000000000000000000
-0,000000763200744871022300	0,999334657410035240000000	-0,000286200279326649660000	0,000496528763208214930000	0,000000000000000000000000	0,000000000000000000000000	0,000000000000000000000000	0,000000000000000000000000
-0,001221883678206907300000	-0,000007420038504966752600	0,540262648154567930000000	-0,002782514439362690100000	0,004196476398640170600000	0,000000000000000000000000	0,002680748853957162500000	0,000003756365793042249200
-0,000007420038504967403100	-0,001221883678206906600000	-0,002782514439362934300000	0,540262648154568260000000	0,000000000000000000000000	0,004196476398640170600000	0,000003756365793042249200	0,002680748853957162500000
0,000001113333578832630300	-0,000808809542235931790000	0,000417500092062260060000	-0,303303578338491640000000	0,995800305717229660000000	0,000000000000000000000000	0,000000000000000000000000	0,001784777066339096100000
-0,000808809542235934500000	0,000001113333578830901900	-0,303303578338492700000000	0,000417500092061611930000	0,000000000000000000000000	0,995800305717229660000000	0,001784777066339096100000	0,000000000000000000000000
-0,183130671497086870000000	0,002127366451928971600000	-68,313382355587265000000000	0,796588550741380020000000	-1,739339177391950200000000	0,003435893447695343200000	-0,105063363634689540000000	-0,002969618655607506900000
0,002127366451930562300000	-0,183130671497108710000000	0,796588550741365920000000	-68,313382355586327000000000	0,003435893447693187400000	-1,739339177391931800000000	-0,002969618655607563300000	-0,105063363634687550000000

0,001663356474911965000000	0,000001908001862149180700
0,000001908001862177664300	0,001663356474911945200000
0,003054709195517442200000	0,000018550096262417935000
0,000018550096262419562000	0,003054709195517440400000
-0,000002783333947081733700	0,002022023855589944300000
0,002022023855589951300000	-0,000002783333947077413000
-0,337032686145883940000000	-0,004447961827073763100000
-0,004447961827073882700000	-0,337032686145879000000000

-0,164617548834668780000000	0,002101823430107977900000	-61,370961357180086000000000	0,787009917558506910000000	-1,739339177391950200000000	0,003435893447695343200000	-0,472942804806131880000000	-0,002969618655607506900000
0,002101823430109660600000	-0,164617548834690620000000	0,787009917558527230000000	-61,370961357179148000000000	0,003435893447693187400000	-1,739339177391931800000000	-0,002969618655607563300000	-0,472942804806129880000000

-0,383315492801931780000000	-0,004384104272521275300000
-0,004384104272521624800000	-0,383315492801926840000000
