1

0,100000000000000010000000

0,998469027482184250000000	0,000000000000000000000000	0,004196476398640170600000	0,000000000000000000000000
0,000000000000000000000000	0,998469027482184250000000	0,000000000000000000000000	0,004196476398640170600000
0,000000000000000000000000	0,000000000000000000000000	0,995800305717229660000000	0,000000000000000000000000
0,000000000000000000000000	0,000000000000000000000000	0,000000000000000000000000	0,995800305717229660000000

0,004240882243926873100000	0,000005942483187073563500
0,000005942483187073563500	0,004240882243926873100000
0,000000000000000000000000	0,002823475745903020500000
0,002823475745903020500000	0,000000000000000000000000

1,000000000000000000000000	0,000000000000000000000000	0,000000000000000000000000	0,000000000000000000000000
0,000000000000000000000000	1,000000000000000000000000	0,000000000000000000000000	0,000000000000000000000000

0,000000000000000000000000	0,000000000000000000000000
0,000000000000000000000000	0,000000000000000000000000

1,000000000000000000000000	0,000000000000000000000000
0,000000000000000000000000	1,000000000000000000000000

0,500000000000000000000000	0,000000000000000000000000
0,000000000000000000000000	0,500000000000000000000000

0,359999999999999430000000	0,000000000000000000000000
0,000000000000000000000000	0,359999999999999430000000

60,000000000000000000000000	0,000000000000000000000000
0,000000000000000000000000	60,000000000000000000000000

0,367879441171442330000000	0,000000000000000000000000
0,000000000000000000000000	0,367879441171442330000000

1,000000000000000000000000	0,000000000000000000000000
0,000000000000000000000000	1,000000000000000000000000

0,632120558828557670000000	0,000000000000000000000000
0,000000000000000000000000	0,632120558828557670000000

0,000000000000000000000000	0,000000000000000000000000
0,000000000000000000000000	0,000000000000000000000000

8
0,997027752421577600000000	-0,000010826031778259792000	0,004625403596256849600000	-0,001804338629709968100000	0,000000000000000000000000	0,000000000000000000000000	0,000000000000000000000000	0,000000000000000000000000
-0,000010826031778195736000	0,997027752421577480000000	-0,001804338629699292200000	0,004625403596249744200000	0,000000000000000000000000	0,000000000000000000000000	0,000000000000000000000000	0,000000000000000000000000
-0,001306649442134306800000	-0,000016484220234961798000	0,780694120459799470000000	-0,002747370039160304200000	0,004196476398640170600000	0,000000000000000000000000	0,002680748853957162500000	0,000003756365793042249200
-0,000016484220234962266000	-0,001306649442134306800000	-0,002747370039160382200000	0,780694120459799470000000	0,000000000000000000000000	0,004196476398640170600000	0,000003756365793042249200	0,002680748853957162500000
0,000001120747087592772700	-0,000859551977515421750000	0,000186791181265462390000	-0,143258662919237200000000	0,995800305717229660000000	0,000000000000000000000000	0,000000000000000000000000	0,001784777066339096100000
-0,000859551977515417630000	0,000001120747087590631800	-0,143258662919236500000000	0,000186791181265105610000	0,000000000000000000000000	0,995800305717229660000000	0,001784777066339096100000	0,000000000000000000000000
-0,258668988241843420000000	0,002194491871548019800000	-43,577239241860347000000000	0,368339801304597540000000	-1,324642563753079900000000	0,006608316570070747900000	0,145784323970185200000000	-0,002793121657304344600000
0,002194491871547857100000	-0,258668988241802290000000	0,368339801304608030000000	-43,577239241860347000000000	0,006608316570097462700000	-1,324642563753111600000000	-0,002793121657304376300000	0,145784323970185290000000

0,008256243273395719200000	0,000030072310495166138000
0,000030072310494988203000	0,008256243273395837100000
0,003629581783706413800000	0,000045789500652671736000
0,000045789500652673037000	0,003629581783706413300000
-0,000003113186354424373200	0,002387644381987286400000
0,002387644381987275100000	-0,000003113186354418426600
-0,176976505996567470000000	-0,004948375032516801400000
-0,004948375032516813500000	-0,176976505996567250000000

-0,248611716771899690000000	0,002181016442233551500000	-41,901027330203057000000000	0,366093896418852820000000	-1,324642563753079900000000	0,006608316570070747900000	-0,222095117201257130000000	-0,002793121657304344600000
0,002181016442233403100000	-0,248611716771858620000000	0,366093896418865640000000	-41,901027330203064000000000	0,006608316570097462700000	-1,324642563753111600000000	-0,002793121657304376300000	-0,222095117201257050000000

-0,204913371190855680000000	-0,004910943284421056200000
-0,004910943284421107400000	-0,204913371190855260000000
