1

0,100000000000000010000000

0,998469027482184250000000	0,000000000000000000000000	0,004196476398640170600000	0,000000000000000000000000
0,000000000000000000000000	0,998469027482184250000000	0,000000000000000000000000	0,004196476398640170600000
0,000000000000000000000000	0,000000000000000000000000	0,995800305717229660000000	0,000000000000000000000000
0,000000000000000000000000	0,000000000000000000000000	0,000000000000000000000000	0,995800305717229660000000

0,004240882243926873100000	0,000005942483187073563500
0,000005942483187073563500	0,004240882243926873100000
0,000000000000000000000000	0,002823475745903020500000
0,002823475745903020500000	0,000000000000000000000000

1,000000000000000000000000	0,000000000000000000000000	0,000000000000000000000000	0,000000000000000000000000
0,000000000000000000000000	1,000000000000000000000000	0,000000000000000000000000	0,000000000000000000000000

0,000000000000000000000000	0,000000000000000000000000
0,000000000000000000000000	0,000000000000000000000000

1,000000000000000000000000	0,000000000000000000000000
0,000000000000000000000000	1,000000000000000000000000

0,250000000000000000000000	0,000000000000000000000000
0,000000000000000000000000	0,250000000000000000000000

0,200000000000002840000000	0,000000000000000000000000
0,000000000000000000000000	0,200000000000002840000000

30,000000000000000000000000	0,000000000000000000000000
0,000000000000000000000000	30,000000000000000000000000

0,367879441171442330000000	0,000000000000000000000000
0,000000000000000000000000	0,367879441171442330000000

1,000000000000000000000000	0,000000000000000000000000
0,000000000000000000000000	1,000000000000000000000000

0,632120558828557670000000	0,000000000000000000000000
0,000000000000000000000000	0,632120558828557670000000

0,000000000000000000000000	0,000000000000000000000000
0,000000000000000000000000	0,000000000000000000000000

8
0,998358572709574070000000	-0,000012072533889269553000	0,003785906436111180500000	-0,001810880083390407200000	0,000000000000000000000000	0,000000000000000000000000	0,000000000000000000000000	0,000000000000000000000000
-0,000012072533889292531000	0,998358572709574180000000	-0,001810880083393853800000	0,003785906436122477000000	0,000000000000000000000000	0,000000000000000000000000	0,000000000000000000000000	0,000000000000000000000000
-0,000774060036528567740000	-0,000018021353182918877000	0,882360022002900760000000	-0,002703202977437793100000	0,004196476398640170600000	0,000000000000000000000000	0,002680748853957162500000	0,000003756365793042249200
-0,000018021353182918769000	-0,000774060036528569260000	-0,002703202977437777000000	0,882360022002900530000000	0,000000000000000000000000	0,004196476398640170600000	0,000003756365793042249200	0,002680748853957162500000
0,000000512712819826376350	-0,000504098354220426130000	0,000076906922973955360000	-0,075614753133062845000000	0,995800305717229660000000	0,000000000000000000000000	0,000000000000000000000000	0,001784777066339096100000
-0,000504098354220423740000	0,000000512712819841348930	-0,075614753133062484000000	0,000076906922976201258000	0,000000000000000000000000	0,995800305717229660000000	0,001784777066339096100000	0,000000000000000000000000
-0,172826454463122700000000	0,001192936127396884200000	-25,962367749379915000000000	0,179479513648072440000000	-1,162982939048519800000000	0,010716752698625535000000	0,247461575351596630000000	-0,002840579577092228400000
0,001192936127396317800000	-0,172826454463123950000000	0,179479513648121650000000	-25,962367749380068000000000	0,010716752698675608000000	-1,162982939048565800000000	-0,002840579577092169800000	0,247461575351596130000000

0,008207136452129627400000	0,000060362669446346904000
0,000060362669446461796000	0,008207136452129251000000
0,003870300182642783800000	0,000090106765914593109000
0,000090106765914592566000	0,003870300182642791200000
-0,000002563564099131845100	0,002520491771102094600000
0,002520491771102082900000	-0,000002563564099206708400
-0,098921127666587019000000	-0,005225468830244942700000
-0,005225468830244831700000	-0,098921127666587477000000

-0,169525404661935280000000	0,001188737078159156100000	-25,467210279201808000000000	0,178849656262413230000000	-1,162982939048519800000000	0,010716752698625535000000	-0,120417865819845700000000	-0,002840579577092228400000
0,001188737078158597700000	-0,169525404661936500000000	0,178849656262463630000000	-25,467210279201957000000000	0,010716752698675608000000	-1,162982939048565800000000	-0,002840579577092169800000	-0,120417865819846190000000

-0,115426376672523880000000	-0,005204473584056302700000
-0,005204473584056230700000	-0,115426376672524510000000
