1

0,100000000000000010000000

0,998469027482184250000000	0,000000000000000000000000	0,004196476398640170600000	0,000000000000000000000000
0,000000000000000000000000	0,998469027482184250000000	0,000000000000000000000000	0,004196476398640170600000
0,000000000000000000000000	0,000000000000000000000000	0,995800305717229660000000	0,000000000000000000000000
0,000000000000000000000000	0,000000000000000000000000	0,000000000000000000000000	0,995800305717229660000000

0,004240882243926873100000	0,000005942483187073563500
0,000005942483187073563500	0,004240882243926873100000
0,000000000000000000000000	0,002823475745903020500000
0,002823475745903020500000	0,000000000000000000000000

1,000000000000000000000000	0,000000000000000000000000	0,000000000000000000000000	0,000000000000000000000000
0,000000000000000000000000	1,000000000000000000000000	0,000000000000000000000000	0,000000000000000000000000

0,000000000000000000000000	0,000000000000000000000000
0,000000000000000000000000	0,000000000000000000000000

1,000000000000000000000000	0,000000000000000000000000
0,000000000000000000000000	1,000000000000000000000000

0,062500000000000000000000	0,000000000000000000000000
0,000000000000000000000000	0,062500000000000000000000

0,080000000000040927000000	0,000000000000000000000000
0,000000000000000000000000	0,080000000000040927000000

40,000000000000000000000000	0,000000000000000000000000
0,000000000000000000000000	40,000000000000000000000000

0,367879441171442330000000	0,000000000000000000000000
0,000000000000000000000000	0,367879441171442330000000

1,000000000000000000000000	0,000000000000000000000000
0,000000000000000000000000	1,000000000000000000000000

0,632120558828557670000000	0,000000000000000000000000
0,000000000000000000000000	0,632120558828557670000000

0,000000000000000000000000	0,000000000000000000000000
0,000000000000000000000000	0,000000000000000000000000

8
0,999875970773516750000000	-0,000000629233649682341720	0,000485386758382694290000	-0,000314616824841009880000	0,000000000000000000000000	0,000000000000000000000000	0,000000000000000000000000	0,000000000000000000000000
-0,000000629233649654403180	0,999875970773516640000000	-0,000314616824827040640000	0,000485386758375505600000	0,000000000000000000000000	0,000000000000000000000000	0,000000000000000000000000	0,000000000000000000000000
-0,000303380653018714530000	-0,000005471381457855514100	0,846778700972904640000000	-0,002735690728926357500000	0,004196476398640170600000	0,000000000000000000000000	0,002680748853957162500000	0,000003756365793042249200
-0,000005471381457855597900	-0,000303380653018715880000	-0,002735690728926399100000	0,846778700972903970000000	0,000000000000000000000000	0,004196476398640170600000	0,000003756365793042249200	0,002680748853957162500000
0,000000223456721276070940	-0,000198562434451618340000	0,000111728360637978310000	-0,099281217225758375000000	0,995800305717229660000000	0,000000000000000000000000	0,000000000000000000000000	0,001784777066339096100000
-0,000198562434451619590000	0,000000223456721280122800	-0,099281217225759000000000	0,000111728360640004250000	0,000000000000000000000000	0,995800305717229660000000	0,001784777066339096100000	0,000000000000000000000000
-0,064606405353792931000000	0,000495661268009783200000	-31,888737546449665000000000	0,240812096136802710000000	-1,195337324321614500000000	0,004456975522661802900000	0,215203356921327550000000	-0,002767991867517350100000
0,000495661268011113300000	-0,064606405353767229000000	0,240812096136758390000000	-31,888737546449327000000000	0,004456975522597086400000	-1,195337324321533100000000	-0,002767991867517315800000	0,215203356921328890000000

0,001550365331040432600000	0,000007865420621025246900
0,000007865420620676015300	0,001550365331040612400000
0,003792258162731991300000	0,000068392268223158939000
0,000068392268223159983000	0,003792258162732008200000
-0,000002793209015949457800	0,002482030430643959400000
0,002482030430643975000000	-0,000002793209016000106200
-0,121972159752911440000000	-0,005035686694675863000000
-0,005035686694675789300000	-0,121972159752910810000000

-0,062941721921636454000000	0,000493488368413063550000	-31,056395830371855000000000	0,239725646338443450000000	-1,195337324321614500000000	0,004456975522661802900000	-0,152676084250114780000000	-0,002767991867517350100000
0,000493488368414396690000	-0,062941721921610766000000	0,239725646338400660000000	-31,056395830371521000000000	0,004456975522597086400000	-1,195337324321533100000000	-0,002767991867517315800000	-0,152676084250113450000000

-0,142780702654856680000000	-0,005008525449716881600000
-0,005008525449716846000000	-0,142780702654855980000000
