1

0,100000000000000010000000

0,998469027482184250000000	0,000000000000000000000000	0,004196476398640170600000	0,000000000000000000000000
0,000000000000000000000000	0,998469027482184250000000	0,000000000000000000000000	0,004196476398640170600000
0,000000000000000000000000	0,000000000000000000000000	0,995800305717229660000000	0,000000000000000000000000
0,000000000000000000000000	0,000000000000000000000000	0,000000000000000000000000	0,995800305717229660000000

0,004240882243926873100000	0,000005942483187073563500
0,000005942483187073563500	0,004240882243926873100000
0,000000000000000000000000	0,002823475745903020500000
0,002823475745903020500000	0,000000000000000000000000

1,000000000000000000000000	0,000000000000000000000000	0,000000000000000000000000	0,000000000000000000000000
0,000000000000000000000000	1,000000000000000000000000	0,000000000000000000000000	0,000000000000000000000000

0,000000000000000000000000	0,000000000000000000000000
0,000000000000000000000000	0,000000000000000000000000

1,000000000000000000000000	0,000000000000000000000000
0,000000000000000000000000	1,000000000000000000000000

0,500000000000000000000000	0,000000000000000000000000
0,000000000000000000000000	0,500000000000000000000000

0,299999999999997160000000	0,000000000000000000000000
0,000000000000000000000000	0,299999999999997160000000

60,000000000000000000000000	0,000000000000000000000000
0,000000000000000000000000	60,000000000000000000000000

0,367879441171442330000000	0,000000000000000000000000
0,000000000000000000000000	0,367879441171442330000000

1,000000000000000000000000	0,000000000000000000000000
0,000000000000000000000000	1,000000000000000000000000

0,632120558828557670000000	0,000000000000000000000000
0,000000000000000000000000	0,632120558828557670000000

0,000000000000000000000000	0,000000000000000000000000
0,000000000000000000000000	0,000000000000000000000000

8
0,997521196224419590000000	-0,000008883798213169399500	0,004239244883907755700000	-0,001776759642633896600000	0,000000000000000000000000	0,000000000000000000000000	0,000000000000000000000000	0,000000000000000000000000
-0,000008883798213161656000	0,997521196224419590000000	-0,001776759642632348100000	0,004239244883912862700000	0,000000000000000000000000	0,000000000000000000000000	0,000000000000000000000000	0,000000000000000000000000
-0,001089101170942625600000	-0,000013746318068289836000	0,780648793293657000000000	-0,002749263613657993000000	0,004196476398640170600000	0,000000000000000000000000	0,002680748853957162500000	0,000003756365793042249200
-0,000013746318068289873000	-0,001089101170942626500000	-0,002749263613658000800000	0,780648793293656880000000	0,000000000000000000000000	0,004196476398640170600000	0,000003756365793042249200	0,002680748853957162500000
0,000000931063833690935950	-0,000716441173460874310000	0,000186212766738188940000	-0,143288234692176220000000	0,995800305717229660000000	0,000000000000000000000000	0,000000000000000000000000	0,001784777066339096100000
-0,000716441173460877130000	0,000000931063833698941790	-0,143288234692176770000000	0,000186212766739790120000	0,000000000000000000000000	0,995800305717229660000000	0,001784777066339096100000	0,000000000000000000000000
-0,215869513981094190000000	0,001827539100015718600000	-43,481391814874790000000000	0,367341841961353440000000	-1,323085843195882300000000	0,006613571327859836000000	0,146238383350792950000000	-0,002792980592660584300000
0,001827539100015473800000	-0,215869513981087970000000	0,367341841961323800000000	-43,481391814874961000000000	0,006613571327828569400000	-1,323085843195861600000000	-0,002792980592660642400000	0,146238383350791670000000

0,008262679251934870700000	0,000029612660710564944000
0,000029612660710539133000	0,008262679251934785700000
0,003630337236475453300000	0,000045821060227633218000
0,000045821060227633347000	0,003630337236475455900000
-0,000003103546112303149300	0,002388137244869603600000
0,002388137244869613100000	-0,000003103546112329835500
-0,176118883896627500000000	-0,004943968163225011600000
-0,004943968163225120000000	-0,176118883896628910000000

-0,207484974184061810000000	0,001816305557929192000000	-41,804483855468298000000000	0,365095133544048160000000	-1,323085843195882300000000	0,006613571327859836000000	-0,221641057820649380000000	-0,002792980592660584300000
0,001816305557928945900000	-0,207484974184055700000000	0,365095133544018240000000	-41,804483855468490000000000	0,006613571327828569400000	-1,323085843195861600000000	-0,002792980592660642400000	-0,221641057820650660000000

-0,204067349886735690000000	-0,004906523022936589600000
-0,004906523022936693700000	-0,204067349886736780000000
