1

0,1

0,998469	0	0,00419648	0
0	0,998469	0	0,00419648
0	0	0,9958	0
0	0	0	0,9958

0,00424088	5,94248e-06
5,94248e-06	0,00424088
0	0,00282348
0,00282348	0

1	0	0	0
0	1	0	0

0	0
0	0

0,998019	-8,45476e-06	0,00233405	-0,00105684	0	0
-8,45476e-06	0,998019	-0,00105684	0,00233405	0	0
-0,00274693	-1,44463e-05	0,654636	-0,0018019	6,7177e-05	2,4354e-05
-1,44463e-05	-0,00274693	-0,0018019	0,654636	2,4354e-05	6,7177e-05
7,38448e-06	-0,00181507	0,000926086	-0,227193	0,99582	-0,00274921
-0,00181507	7,38448e-06	-0,227193	0,000926086	-0,00274921	0,99582

0,00495332	2,11369e-05
2,11369e-05	0,00495332
0,00305307	3,60183e-05
3,60183e-05	0,00305307
-1,49678e-05	0,00199821
0,00199821	-1,49678e-05

-0,290865	0,00217314	-36,468	0,272714	-0,973699	0,00710706
0,00217314	-0,290865	0,272714	-36,468	0,00710706	-0,973699

-0,172243	-0,00419559
-0,00419559	-0,172243

1	0
0	1

0,25	0
0	0,25

0,4	0
0	0,4

50	0
0	50
