1

0,100000000000000010000000

0,998469027482184250000000	0,000000000000000000000000	0,004196476398640170600000	0,000000000000000000000000
0,000000000000000000000000	0,998469027482184250000000	0,000000000000000000000000	0,004196476398640170600000
0,000000000000000000000000	0,000000000000000000000000	0,995800305717229660000000	0,000000000000000000000000
0,000000000000000000000000	0,000000000000000000000000	0,000000000000000000000000	0,995800305717229660000000

0,004240882243926873100000	0,000005942483187073563500
0,000005942483187073563500	0,004240882243926873100000
0,000000000000000000000000	0,002823475745903020500000
0,002823475745903020500000	0,000000000000000000000000

1,000000000000000000000000	0,000000000000000000000000	0,000000000000000000000000	0,000000000000000000000000
0,000000000000000000000000	1,000000000000000000000000	0,000000000000000000000000	0,000000000000000000000000

0,000000000000000000000000	0,000000000000000000000000
0,000000000000000000000000	0,000000000000000000000000

1,000000000000000000000000	0,000000000000000000000000
0,000000000000000000000000	1,000000000000000000000000

0,125000000000000000000000	0,000000000000000000000000
0,000000000000000000000000	0,125000000000000000000000

0,240000000000009090000000	0,000000000000000000000000
0,000000000000000000000000	0,240000000000009090000000

30,000000000000000000000000	0,000000000000000000000000
0,000000000000000000000000	30,000000000000000000000000

0,367879441171442330000000	0,000000000000000000000000
0,000000000000000000000000	0,367879441171442330000000

1,000000000000000000000000	0,000000000000000000000000
0,000000000000000000000000	1,000000000000000000000000

0,632120558828557670000000	0,000000000000000000000000
0,000000000000000000000000	0,632120558828557670000000

0,000000000000000000000000	0,000000000000000000000000
0,000000000000000000000000	0,000000000000000000000000

8
0,999013101848968190000000	-0,000007067776006495073700	0,001637731121023236500000	-0,000883472000811850750000	0,000000000000000000000000	0,000000000000000000000000	0,000000000000000000000000	0,000000000000000000000000
-0,000007067776006500812400	0,999013101848968080000000	-0,000883472000812568060000	0,001637731121010094200000	0,000000000000000000000000	0,000000000000000000000000	0,000000000000000000000000	0,000000000000000000000000
-0,000929115644715538220000	-0,000021663791648570034000	0,882329571892746410000000	-0,002707973956071151700000	0,004196476398640170600000	0,000000000000000000000000	0,002680748853957162500000	0,000003756365793042249200
-0,000021663791648569878000	-0,000929115644715540280000	-0,002707973956071132200000	0,882329571892746080000000	0,000000000000000000000000	0,004196476398640170600000	0,000003756365793042249200	0,002680748853957162500000
0,000000596157543737467690	-0,000605073764324458780000	0,000074519692967180636000	-0,075634220540554492000000	0,995800305717229660000000	0,000000000000000000000000	0,000000000000000000000000	0,001784777066339096100000
-0,000605073764324445230000	0,000000596157543752410940	-0,075634220540552785000000	0,000074519692969048540000	0,000000000000000000000000	0,995800305717229660000000	0,001784777066339096100000	0,000000000000000000000000
-0,207731572634601290000000	0,001428611879436310200000	-25,815627348356102000000000	0,176060992576371670000000	-1,157486270628947500000000	0,009560973996174520000000	0,248115458282889220000000	-0,002839541760302487700000
0,001428611879436782500000	-0,207731572634589860000000	0,176060992576287770000000	-25,815627348355896000000000	0,009560973996088817700000	-1,157486270628864000000000	-0,002839541760302568000000	0,248115458282890000000000

0,004112075629299225300000	0,000029449066693728359000
0,000029449066693752269000	0,004112075629299663400000
0,003871315186314595900000	0,000090265798535705053000
0,000090265798535704402000	0,003871315186314604500000
-0,000002483989765572687800	0,002521140684685149600000
0,002521140684685092700000	-0,000002483989765634951500
-0,097664868103334065000000	-0,005210841803819163100000
-0,005210841803819214200000	-0,097664868103333483000000

-0,203767941142774410000000	0,001423571469410473800000	-25,320173411877761000000000	0,175430941323142130000000	-1,157486270628947500000000	0,009560973996174520000000	-0,119763982888553110000000	-0,002839541760302487700000
0,001423571469410939100000	-0,203767941142762920000000	0,175430941323057370000000	-25,320173411877548000000000	0,009560973996088817700000	-1,157486270628864000000000	-0,002839541760302568000000	-0,119763982888552350000000

-0,114179999319278820000000	-0,005189840095378178700000
-0,005189840095378200400000	-0,114179999319278390000000
