1

0,100000000000000010000000

0,998469027482184250000000	0,000000000000000000000000	0,004196476398640170600000	0,000000000000000000000000
0,000000000000000000000000	0,998469027482184250000000	0,000000000000000000000000	0,004196476398640170600000
0,000000000000000000000000	0,000000000000000000000000	0,995800305717229660000000	0,000000000000000000000000
0,000000000000000000000000	0,000000000000000000000000	0,000000000000000000000000	0,995800305717229660000000

0,004240882243926873100000	0,000005942483187073563500
0,000005942483187073563500	0,004240882243926873100000
0,000000000000000000000000	0,002823475745903020500000
0,002823475745903020500000	0,000000000000000000000000

1,000000000000000000000000	0,000000000000000000000000	0,000000000000000000000000	0,000000000000000000000000
0,000000000000000000000000	1,000000000000000000000000	0,000000000000000000000000	0,000000000000000000000000

0,000000000000000000000000	0,000000000000000000000000
0,000000000000000000000000	0,000000000000000000000000

1,000000000000000000000000	0,000000000000000000000000
0,000000000000000000000000	1,000000000000000000000000

0,250000000000000000000000	0,000000000000000000000000
0,000000000000000000000000	0,250000000000000000000000

0,239999999999952250000000	0,000000000000000000000000
0,000000000000000000000000	0,239999999999952250000000

120,000000000000000000000000	0,000000000000000000000000
0,000000000000000000000000	120,000000000000000000000000

0,367879441171442330000000	0,000000000000000000000000
0,000000000000000000000000	0,367879441171442330000000

1,000000000000000000000000	0,000000000000000000000000
0,000000000000000000000000	1,000000000000000000000000

0,632120558828557670000000	0,000000000000000000000000
0,000000000000000000000000	0,632120558828557670000000

0,000000000000000000000000	0,000000000000000000000000
0,000000000000000000000000	0,000000000000000000000000

8
0,999501246139642310000000	-0,000000743629637502361370	0,000623069821103328090000	-0,000371814818751254660000	0,000000000000000000000000	0,000000000000000000000000	0,000000000000000000000000	0,000000000000000000000000
-0,000000743629637507734100	0,999501246139642310000000	-0,000371814818753941040000	0,000623069821105354250000	0,000000000000000000000000	0,000000000000000000000000	0,000000000000000000000000	0,000000000000000000000000
-0,000774018802962777010000	-0,000005556963978049517400	0,611459626000718790000000	-0,002778481989025311500000	0,004196476398640170600000	0,000000000000000000000000	0,002680748853957162500000	0,000003756365793042249200
-0,000005556963978049611500	-0,000774018802962778420000	-0,002778481989025358800000	0,611459626000718130000000	0,000000000000000000000000	0,004196476398640170600000	0,000003756365793042249200	0,002680748853957162500000
0,000000698321885443165340	-0,000511813407839997950000	0,000349160942721652150000	-0,255906703920049880000000	0,995800305717229660000000	0,000000000000000000000000	0,000000000000000000000000	0,001784777066339096100000
-0,000511813407839997520000	0,000000698321885443702680	-0,255906703920049720000000	0,000349160942721920820000	0,000000000000000000000000	0,995800305717229660000000	0,001784777066339096100000	0,000000000000000000000000
-0,126065664216497430000000	0,001333521509669350400000	-62,638509184311644000000000	0,665037839147154420000000	-1,590902101763603600000000	0,003677542649819167400000	-0,022343685786800904000000	-0,002820759637345883000000
0,001333521509668158400000	-0,126065664216441250000000	0,665037839147170740000000	-62,638509184311658000000000	0,003677542649807559500000	-1,590902101763604700000000	-0,002820759637345815800000	-0,022343685786801404000000

0,002078141084824139000000	0,000003098456822927122400
0,000003098456822949508600	0,002078141084824122000000
0,003225078345678879300000	0,000023154016575210929000
0,000023154016575211322000	0,003225078345678885000000
-0,000002909674522680434700	0,002132555866000415900000
0,002132555866000414100000	-0,000002909674522682673400
-0,286360092497786600000000	-0,004489239798624264700000
-0,004489239798624188400000	-0,286360092497787770000000

-0,115976329474975580000000	0,001319666643911634700000	-57,593841813549716000000000	0,658110406268295200000000	-1,590902101763603600000000	0,003677542649819167400000	-0,390223126958243240000000	-0,002820759637345883000000
0,001319666643910457700000	-0,115976329474919410000000	0,658110406268318960000000	-57,593841813549737000000000	0,003677542649807559500000	-1,590902101763604700000000	-0,002820759637345815800000	-0,390223126958243740000000

-0,328398987254136020000000	-0,004431511191300437300000
-0,004431511191300423400000	-0,328398987254137130000000
