0

0,100

0,998469027482184250000000	0,000000000000000000000000	0,004196476398640170600000	0,000000000000000000000000
0,000000000000000000000000	0,998469027482184250000000	0,000000000000000000000000	0,004196476398640170600000
0,000000000000000000000000	0,000000000000000000000000	0,995800305717229660000000	0,000000000000000000000000
0,000000000000000000000000	0,000000000000000000000000	0,000000000000000000000000	0,995800305717229660000000

0,004240882243926873100000	0,000005942483187073563500
0,000005942483187073563500	0,004240882243926873100000
0,000000000000000000000000	0,002823475745903020500000
0,002823475745903020500000	0,000000000000000000000000

1,000000000000000000000000	0,000000000000000000000000	0,000000000000000000000000	0,000000000000000000000000
0,000000000000000000000000	1,000000000000000000000000	0,000000000000000000000000	0,000000000000000000000000

0,000000000000000000000000	0,000000000000000000000000
0,000000000000000000000000	0,000000000000000000000000

1,000000000000000000000000	0,000000000000000000000000
0,000000000000000000000000	1,000000000000000000000000

0,250000000000000000000000	0,000000000000000000000000
0,000000000000000000000000	0,250000000000000000000000

0,399999999999999910000000	0,000000000000000000000000
0,000000000000000000000000	0,399999999999999910000000

1,000000000000000000000000	0,000000000000000000000000
0,000000000000000000000000	1,000000000000000000000000

5
-0,664840863242508680000000	0,749983249292901610000000	0,798118649708380090000000	0,155020655702771960000000	-1,023684336726191600000000
-1,603912553919399500000000	1,842347795642253600000000	1,572930977547678100000000	0,292605985814188400000000	-3,093745639415538000000000
-1,635764095475863400000000	0,632775724390299940000000	0,958224056837192810000000	0,064862077060151818000000	0,638556925335319490000000
0,010405243583030762000000	-0,305722637891707230000000	-0,209127878935077620000000	-0,179671149807635740000000	-1,173947225786762900000000
0,055815884934469658000000	0,029653484041654240000000	-0,029545410264637355000000	0,216833333942290730000000	1,121436732592350000000000

-0,544804697622185420000000	0,259870399677456900000000
1,140877317944129800000000	0,810920348073326250000000
1,236578905054452400000000	-0,233394603028891260000000
0,008889059272633087500000	0,348162618774020880000000
-0,042670441518255504000000	-1,492858279314124300000000

-1,628382310871870000000000	0,491395876912733290000000	-0,735062407892124070000000	-0,276130558915220150000000	0,057196866477145822000000
0,019490686724939837000000	-0,362882691195710820000000	0,293429486015160610000000	-1,542398635312306300000000	-0,956962392620646200000000

12,195004280489860000000000	-0,016968594177258645000000
-0,016968594177286928000000	12,195004280489892000000000
