1

0,1

0,998469	0	0,00419648	0
0	0,998469	0	0,00419648
0	0	0,9958	0
0	0	0	0,9958

0,00424088	5,94248e-06
5,94248e-06	0,00424088
0	0,00282348
0,00282348	0

1	0	0	0
0	1	0	0

0	0
0	0

0,992865	-0,00197584	-0,0188808	0,00469573	0,346025	-0,397588
-0,00169959	0,992477	-0,0451578	-0,0733026	0,301518	0,157281
-0,001414	0,0213417	-0,234622	-0,000930963	2,24621	1,55772
-0,00259026	-0,0202971	-0,001036	-0,033339	-2,65918	-0,929677
-0,000122214	-0,000170479	0,00082524	0,000947042	0,973286	0,00507677
3,39302e-05	-9,86918e-05	0,000264794	0,000439402	-0,00482877	0,99099

0,0594575	0,0164653
0,0141633	0,0626881
0,00367278	0,00136818
-0,00209137	-0,00315295
0,000519502	0,000655296
-9,69762e-05	0,000369331

0,00268683	-0,116522	-0,00673206	-0,00602116	-12,9034	-7,98587
-0,11717	-0,000279714	-0,000261256	-0,00665569	-15,7907	17,4398

-0,00775262	-0,0191714
-0,0173121	-0,00607546

1	0
0	1

0,125	0
0	0,125

0,12	0
0	0,12

1	0
0	1
