1

0,100000000000000010000000

0,998469027482184250000000	0,000000000000000000000000	0,004196476398640170600000	0,000000000000000000000000
0,000000000000000000000000	0,998469027482184250000000	0,000000000000000000000000	0,004196476398640170600000
0,000000000000000000000000	0,000000000000000000000000	0,995800305717229660000000	0,000000000000000000000000
0,000000000000000000000000	0,000000000000000000000000	0,000000000000000000000000	0,995800305717229660000000

0,004240882243926873100000	0,000005942483187073563500
0,000005942483187073563500	0,004240882243926873100000
0,000000000000000000000000	0,002823475745903020500000
0,002823475745903020500000	0,000000000000000000000000

1,000000000000000000000000	0,000000000000000000000000	0,000000000000000000000000	0,000000000000000000000000
0,000000000000000000000000	1,000000000000000000000000	0,000000000000000000000000	0,000000000000000000000000

0,000000000000000000000000	0,000000000000000000000000
0,000000000000000000000000	0,000000000000000000000000

1,000000000000000000000000	0,000000000000000000000000
0,000000000000000000000000	1,000000000000000000000000

0,125000000000000000000000	0,000000000000000000000000
0,000000000000000000000000	0,125000000000000000000000

0,159999999999996590000000	0,000000000000000000000000
0,000000000000000000000000	0,159999999999996590000000

20,000000000000000000000000	0,000000000000000000000000
0,000000000000000000000000	20,000000000000000000000000

0,367879441171442330000000	0,000000000000000000000000
0,000000000000000000000000	0,367879441171442330000000

1,000000000000000000000000	0,000000000000000000000000
0,000000000000000000000000	1,000000000000000000000000

0,632120558828557670000000	0,000000000000000000000000
0,000000000000000000000000	0,632120558828557670000000

0,000000000000000000000000	0,000000000000000000000000
0,000000000000000000000000	0,000000000000000000000000

8
0,999019957978456000000000	-0,000010762735188673604000	0,002494747307003664100000	-0,001345341898584229100000	0,000000000000000000000000	0,000000000000000000000000	0,000000000000000000000000	0,000000000000000000000000
-0,000010762735188625547000	0,999019957978455890000000	-0,001345341898578222100000	0,002494747306989147900000	0,000000000000000000000000	0,000000000000000000000000	0,000000000000000000000000	0,000000000000000000000000
-0,000631169830761282360000	-0,000021297949826546489000	0,919572798637022240000000	-0,002662243728318367800000	0,004196476398640170600000	0,000000000000000000000000	0,002680748853957162500000	0,000003756365793042249200
-0,000021297949826546902000	-0,000631169830761277050000	-0,002662243728318419800000	0,919572798637022900000000	0,000000000000000000000000	0,004196476398640170600000	0,000003756365793042249200	0,002680748853957162500000
0,000000213825797226577720	-0,000407043304538087460000	0,000026728224653322785000	-0,050880413067262015000000	0,995800305717229660000000	0,000000000000000000000000	0,000000000000000000000000	0,001784777066339096100000
-0,000407043304538091950000	0,000000213825797291536090	-0,050880413067262577000000	0,000026728224661442582000	0,000000000000000000000000	0,995800305717229660000000	0,001784777066339096100000	0,000000000000000000000000
-0,143925103227541870000000	0,000984138621155832350000	-17,849884282384174000000000	0,119372477708557940000000	-1,064013945511180800000000	0,013345481743393707000000	0,287575689086017270000000	-0,002701449798999706100000
0,000984138621153249570000	-0,143925103227544510000000	0,119372477708602890000000	-17,849884282384419000000000	0,013345481743473888000000	-1,064013945511258100000000	-0,002701449798999727400000	0,287575689086016490000000

0,006125262634649816400000	0,000067267094929211456000
0,000067267094928911105000	0,006125262634650542400000
0,003944811442258098500000	0,000133112186415918380000
0,000133112186415920980000	0,003944811442258065600000
-0,000001336411232666139200	0,002544020653363100700000
0,002544020653363128900000	-0,000001336411233072129100
-0,065783081628492057000000	-0,005043622643176327500000
-0,005043622643176416800000	-0,065783081628491932000000

-0,142054977251761970000000	0,000981884718856515690000	-17,616118535411680000000000	0,119090739921143340000000	-1,064013945511180800000000	0,013345481743393707000000	-0,080303752085425090000000	-0,002701449798999706100000
0,000981884718853934200000	-0,142054977251764610000000	0,119090739921188460000000	-17,616118535411925000000000	0,013345481743473888000000	-1,064013945511258100000000	-0,002701449798999727400000	-0,080303752085425853000000

-0,077471368977116775000000	-0,005029535753805597700000
-0,005029535753805695700000	-0,077471368977116636000000
