1

0,100000000000000010000000

0,998469027482184250000000	0,000000000000000000000000	0,004196476398640170600000	0,000000000000000000000000
0,000000000000000000000000	0,998469027482184250000000	0,000000000000000000000000	0,004196476398640170600000
0,000000000000000000000000	0,000000000000000000000000	0,995800305717229660000000	0,000000000000000000000000
0,000000000000000000000000	0,000000000000000000000000	0,000000000000000000000000	0,995800305717229660000000

0,004240882243926873100000	0,000005942483187073563500
0,000005942483187073563500	0,004240882243926873100000
0,000000000000000000000000	0,002823475745903020500000
0,002823475745903020500000	0,000000000000000000000000

1,000000000000000000000000	0,000000000000000000000000	0,000000000000000000000000	0,000000000000000000000000
0,000000000000000000000000	1,000000000000000000000000	0,000000000000000000000000	0,000000000000000000000000

0,000000000000000000000000	0,000000000000000000000000
0,000000000000000000000000	0,000000000000000000000000

1,000000000000000000000000	0,000000000000000000000000
0,000000000000000000000000	1,000000000000000000000000

0,250000000000000000000000	0,000000000000000000000000
0,000000000000000000000000	0,250000000000000000000000

0,199999999999988630000000	0,000000000000000000000000
0,000000000000000000000000	0,199999999999988630000000

20,000000000000000000000000	0,000000000000000000000000
0,000000000000000000000000	20,000000000000000000000000

0,367879441171442330000000	0,000000000000000000000000
0,000000000000000000000000	0,367879441171442330000000

1,000000000000000000000000	0,000000000000000000000000
0,000000000000000000000000	1,000000000000000000000000

0,632120558828557670000000	0,000000000000000000000000
0,000000000000000000000000	0,632120558828557670000000

0,000000000000000000000000	0,000000000000000000000000
0,000000000000000000000000	0,000000000000000000000000

8
0,997567222543819240000000	-0,000028147609535068422000	0,006722254381906211900000	-0,002814760953507002000000	0,000000000000000000000000	0,000000000000000000000000	0,000000000000000000000000	0,000000000000000000000000
-0,000028147609534962139000	0,997567222543819240000000	-0,002814760953496373800000	0,006722254381909292800000	0,000000000000000000000000	0,000000000000000000000000	0,000000000000000000000000	0,000000000000000000000000
-0,000788580469899342950000	-0,000026461166997551746000	0,919610980492245430000000	-0,002646116699755325300000	0,004196476398640170600000	0,000000000000000000000000	0,002680748853957162500000	0,000003756365793042249200
-0,000026461166997552891000	-0,000788580469899337960000	-0,002646116699755439400000	0,919610980492245990000000	0,000000000000000000000000	0,004196476398640170600000	0,000003756365793042249200	0,002680748853957162500000
0,000000340576492546545390	-0,000508583665564450730000	0,000034057649254656469000	-0,050858366556447959000000	0,995800305717229660000000	0,000000000000000000000000	0,000000000000000000000000	0,001784777066339096100000
-0,000508583665564479350000	0,000000340576492648521590	-0,050858366556450825000000	0,000034057649264854095000	0,000000000000000000000000	0,995800305717229660000000	0,001784777066339096100000	0,000000000000000000000000
-0,182225475365620980000000	0,001153238485251301800000	-18,480411389733899000000000	0,119955014583072260000000	-1,095620509916251000000000	0,015596892343967609000000	0,284786139676314940000000	-0,002793279220404633400000
0,001153238485261217300000	-0,182225475365613730000000	0,119955014583018480000000	-18,480411389733607000000000	0,015596892343880663000000	-1,095620509916154900000000	-0,002793279220404611700000	0,284786139676316110000000

0,012163887280904690000000	0,000140738047675350110000
0,000140738047674818690000	0,012163887280904536000000
0,003942902349496939100000	0,000132305834987766250000
0,000132305834987771970000	0,003942902349496913900000
-0,000001702882462732823600	0,002542918327822398000000
0,002542918327822541200000	-0,000001702882463242704600
-0,069926082880054433000000	-0,005220634406698777100000
-0,005220634406698754600000	-0,069926082880052032000000

-0,179891005860637530000000	0,001150420304193594700000	-18,246964439235541000000000	0,119673196477301540000000	-1,095620509916251000000000	0,015596892343967609000000	-0,083093301495127406000000	-0,002793279220404633400000
0,001150420304203506000000	-0,179891005860630250000000	0,119673196477247330000000	-18,246964439235246000000000	0,015596892343880663000000	-1,095620509916154900000000	-0,002793279220404611700000	-0,083093301495126240000000

-0,081598430404972278000000	-0,005206543501410240700000
-0,005206543501410197300000	-0,081598430404970043000000
