1

0,100000000000000010000000

0,998469027482184250000000	0,000000000000000000000000	0,004196476398640170600000	0,000000000000000000000000
0,000000000000000000000000	0,998469027482184250000000	0,000000000000000000000000	0,004196476398640170600000
0,000000000000000000000000	0,000000000000000000000000	0,995800305717229660000000	0,000000000000000000000000
0,000000000000000000000000	0,000000000000000000000000	0,000000000000000000000000	0,995800305717229660000000

0,004240882243926873100000	0,000005942483187073563500
0,000005942483187073563500	0,004240882243926873100000
0,000000000000000000000000	0,002823475745903020500000
0,002823475745903020500000	0,000000000000000000000000

1,000000000000000000000000	0,000000000000000000000000	0,000000000000000000000000	0,000000000000000000000000
0,000000000000000000000000	1,000000000000000000000000	0,000000000000000000000000	0,000000000000000000000000

0,000000000000000000000000	0,000000000000000000000000
0,000000000000000000000000	0,000000000000000000000000

1,000000000000000000000000	0,000000000000000000000000
0,000000000000000000000000	1,000000000000000000000000

0,250000000000000000000000	0,000000000000000000000000
0,000000000000000000000000	0,250000000000000000000000

0,159999999999996590000000	0,000000000000000000000000
0,000000000000000000000000	0,159999999999996590000000

60,000000000000000000000000	0,000000000000000000000000
0,000000000000000000000000	60,000000000000000000000000

0,367879441171442330000000	0,000000000000000000000000
0,000000000000000000000000	0,367879441171442330000000

1,000000000000000000000000	0,000000000000000000000000
0,000000000000000000000000	1,000000000000000000000000

0,632120558828557670000000	0,000000000000000000000000
0,000000000000000000000000	0,632120558828557670000000

0,000000000000000000000000	0,000000000000000000000000
0,000000000000000000000000	0,000000000000000000000000

8
0,999337161176017790000000	-0,000002206246352653694400	0,001435441006681803500000	-0,000827342382245153070000	0,000000000000000000000000	0,000000000000000000000000	0,000000000000000000000000	0,000000000000000000000000
-0,000002206246352705208900	0,999337161176017790000000	-0,000827342382264470950000	0,001435441006682913700000	0,000000000000000000000000	0,000000000000000000000000	0,000000000000000000000000	0,000000000000000000000000
-0,000581297461637451940000	-0,000007348772333255489000	0,780482479368135080000000	-0,002755789624970867400000	0,004196476398640170600000	0,000000000000000000000000	0,002680748853957162500000	0,000003756365793042249200
-0,000007348772333255362800	-0,000581297461637452590000	-0,002755789624970819700000	0,780482479368134860000000	0,000000000000000000000000	0,004196476398640170600000	0,000003756365793042249200	0,002680748853957162500000
0,000000488878708632310140	-0,000382393683874793410000	0,000183329515737120230000	-0,143397631453050570000000	0,995800305717229660000000	0,000000000000000000000000	0,000000000000000000000000	0,001784777066339096100000
-0,000382393683874791780000	0,000000488878708638219470	-0,143397631453049980000000	0,000183329515739336230000	0,000000000000000000000000	0,995800305717229660000000	0,001784777066339096100000	0,000000000000000000000000
-0,117891876946827940000000	0,000955705332550741880000	-43,929388437911122000000000	0,355979599175155430000000	-1,337202241693552700000000	0,005194964115278646700000	0,143849707955780120000000	-0,002899959256648328600000
0,000955705332550083340000	-0,117891876946818660000000	0,355979599175163310000000	-43,929388437911172000000000	0,005194964115287571900000	-1,337202241693568000000000	-0,002899959256648337700000	0,143849707955779000000000

0,004142742649888636400000	0,000013789039704085885000
0,000013789039704407849000	0,004142742649888618200000
0,003633109135234152300000	0,000045929827082847787000
0,000045929827082846994000	0,003633109135234156200000
-0,000003055491928952003800	0,002389960524217509700000
0,002389960524217499700000	-0,000003055491928988937000
-0,176825890254290630000000	-0,005074941567169246800000
-0,005074941567169236400000	-0,176825890254291050000000

-0,113413266579368620000000	0,000949705998460815670000	-42,249909550113841000000000	0,353729848891433050000000	-1,337202241693552700000000	0,005194964115278646700000	-0,224029733215662220000000	-0,002899959256648328600000
0,000949705998460159730000	-0,113413266579359340000000	0,353729848891441930000000	-42,249909550113891000000000	0,005194964115287571900000	-1,337202241693568000000000	-0,002899959256648337700000	-0,224029733215663330000000

-0,204817205050911970000000	-0,005037445729107207500000
-0,005037445729107212700000	-0,204817205050912390000000
