1

0,100000000000000010000000

0,998469027482184250000000	0,000000000000000000000000	0,004196476398640170600000	0,000000000000000000000000
0,000000000000000000000000	0,998469027482184250000000	0,000000000000000000000000	0,004196476398640170600000
0,000000000000000000000000	0,000000000000000000000000	0,995800305717229660000000	0,000000000000000000000000
0,000000000000000000000000	0,000000000000000000000000	0,000000000000000000000000	0,995800305717229660000000

0,004240882243926873100000	0,000005942483187073563500
0,000005942483187073563500	0,004240882243926873100000
0,000000000000000000000000	0,002823475745903020500000
0,002823475745903020500000	0,000000000000000000000000

1,000000000000000000000000	0,000000000000000000000000	0,000000000000000000000000	0,000000000000000000000000
0,000000000000000000000000	1,000000000000000000000000	0,000000000000000000000000	0,000000000000000000000000

0,000000000000000000000000	0,000000000000000000000000
0,000000000000000000000000	0,000000000000000000000000

1,000000000000000000000000	0,000000000000000000000000
0,000000000000000000000000	1,000000000000000000000000

0,500000000000000000000000	0,000000000000000000000000
0,000000000000000000000000	0,500000000000000000000000

0,599999999999994320000000	0,000000000000000000000000
0,000000000000000000000000	0,599999999999994320000000

60,000000000000000000000000	0,000000000000000000000000
0,000000000000000000000000	60,000000000000000000000000

0,367879441171442330000000	0,000000000000000000000000
0,000000000000000000000000	0,367879441171442330000000

1,000000000000000000000000	0,000000000000000000000000
0,000000000000000000000000	1,000000000000000000000000

0,632120558828557670000000	0,000000000000000000000000
0,000000000000000000000000	0,632120558828557670000000

0,000000000000000000000000	0,000000000000000000000000
0,000000000000000000000000	0,000000000000000000000000

8
0,995061937036490150000000	-0,000018919253497755810000	0,006193703649009674200000	-0,001891925349775599100000	0,000000000000000000000000	0,000000000000000000000000	0,000000000000000000000000	0,000000000000000000000000
-0,000018919253497772242000	0,995061937036490260000000	-0,001891925349777241900000	0,006193703649018389400000	0,000000000000000000000000	0,000000000000000000000000	0,000000000000000000000000	0,000000000000000000000000
-0,002175939860704142100000	-0,000027394912529696794000	0,780875041411768000000000	-0,002739491252969705200000	0,004196476398640170600000	0,000000000000000000000000	0,002680748853957162500000	0,000003756365793042249200
-0,000027394912529696127000	-0,002175939860704146000000	-0,002739491252969638400000	0,780875041411767560000000	0,000000000000000000000000	0,004196476398640170600000	0,000003756365793042249200	0,002680748853957162500000
0,000001885754026191172700	-0,001431413117193128800000	0,000188575402619119050000	-0,143141311719314240000000	0,995800305717229660000000	0,000000000000000000000000	0,000000000000000000000000	0,001784777066339096100000
-0,001431413117193118800000	0,000001885754026168306400	-0,143141311719313240000000	0,000188575402616832410000	0,000000000000000000000000	0,995800305717229660000000	0,001784777066339096100000	0,000000000000000000000000
-0,436787880616214540000000	0,003605400501284622700000	-44,793918252089334000000000	0,365337068342361900000000	-1,352539956684798000000000	0,006119870648506976800000	0,139754921143933870000000	-0,002903761080509424600000
0,003605400501291417600000	-0,436787880616266670000000	0,365337068342362510000000	-44,793918252089689000000000	0,006119870648505292300000	-1,352539956684826800000000	-0,002903761080509487500000	0,139754921143935030000000

0,008230104939183172400000	0,000031532089162926651000
0,000031532089162954034000	0,008230104939183026700000
0,003626566434506938100000	0,000045658187549495088000
0,000045658187549493977000	0,003626566434506944200000
-0,000003142923376985317500	0,002385688528655237200000
0,002385688528655220700000	-0,000003142923376947207000
-0,184482080780641210000000	-0,005118353926984417100000
-0,005118353926984497800000	-0,184482080780643680000000

-0,420053387353397590000000	0,003582972790991301300000	-43,120468925807621000000000	0,363094297313029780000000	-1,352539956684798000000000	0,006119870648506976800000	-0,228124520027508470000000	-0,002903761080509424600000
0,003582972790998033400000	-0,420053387353449770000000	0,363094297313024060000000	-43,120468925807984000000000	0,006119870648505292300000	-1,352539956684826800000000	-0,002903761080509487500000	-0,228124520027507300000000

-0,212372902885336390000000	-0,005080974409828881200000
-0,005080974409828856900000	-0,212372902885338750000000
