1

0,100000000000000010000000

0,998469027482184250000000	0,000000000000000000000000	0,004196476398640170600000	0,000000000000000000000000
0,000000000000000000000000	0,998469027482184250000000	0,000000000000000000000000	0,004196476398640170600000
0,000000000000000000000000	0,000000000000000000000000	0,995800305717229660000000	0,000000000000000000000000
0,000000000000000000000000	0,000000000000000000000000	0,000000000000000000000000	0,995800305717229660000000

0,004240882243926873100000	0,000005942483187073563500
0,000005942483187073563500	0,004240882243926873100000
0,000000000000000000000000	0,002823475745903020500000
0,002823475745903020500000	0,000000000000000000000000

1,000000000000000000000000	0,000000000000000000000000	0,000000000000000000000000	0,000000000000000000000000
0,000000000000000000000000	1,000000000000000000000000	0,000000000000000000000000	0,000000000000000000000000

0,000000000000000000000000	0,000000000000000000000000
0,000000000000000000000000	0,000000000000000000000000

1,000000000000000000000000	0,000000000000000000000000
0,000000000000000000000000	1,000000000000000000000000

0,250000000000000000000000	0,000000000000000000000000
0,000000000000000000000000	0,250000000000000000000000

0,240000000000009090000000	0,000000000000000000000000
0,000000000000000000000000	0,240000000000009090000000

90,000000000000000000000000	0,000000000000000000000000
0,000000000000000000000000	90,000000000000000000000000

0,367879441171442330000000	0,000000000000000000000000
0,000000000000000000000000	0,367879441171442330000000

1,000000000000000000000000	0,000000000000000000000000
0,000000000000000000000000	1,000000000000000000000000

0,632120558828557670000000	0,000000000000000000000000
0,000000000000000000000000	0,632120558828557670000000

0,000000000000000000000000	0,000000000000000000000000
0,000000000000000000000000	0,000000000000000000000000

8
0,999335758634451790000000	-0,000001397918564993320600	0,000909487919429186050000	-0,000524219461872475410000	0,000000000000000000000000	0,000000000000000000000000	0,000000000000000000000000	0,000000000000000000000000
-0,000001397918564972687100	0,999335758634451790000000	-0,000524219461864737780000	0,000909487919412421690000	0,000000000000000000000000	0,000000000000000000000000	0,000000000000000000000000	0,000000000000000000000000
-0,000819930897033115180000	-0,000007388977619440497100	0,690994941094777770000000	-0,002770866607290081400000	0,004196476398640170600000	0,000000000000000000000000	0,002680748853957162500000	0,000003756365793042249200
-0,000007388977619440475900	-0,000819930897033114310000	-0,002770866607290073600000	0,690994941094777990000000	0,000000000000000000000000	0,004196476398640170600000	0,000003756365793042249200	0,002680748853957162500000
0,000000726090482784861270	-0,000541230440783268470000	0,000272283931044312670000	-0,202961415293718000000000	0,995800305717229660000000	0,000000000000000000000000	0,000000000000000000000000	0,001784777066339096100000
-0,000541230440783268360000	0,000000726090482780128690	-0,202961415293717940000000	0,000272283931042537940000	0,000000000000000000000000	0,995800305717229660000000	0,001784777066339096100000	0,000000000000000000000000
-0,147804620606261730000000	0,001397317762690273900000	-55,122140784025682000000000	0,522278537906174290000000	-1,462733118618706500000000	0,004315834824159854200000	0,057729273962233263000000	-0,002810386791196016000000
0,001397317762690131200000	-0,147804620606279300000000	0,522278537906205930000000	-55,122140784025952000000000	0,004315834824162693100000	-1,462733118618717600000000	-0,002810386791195926300000	0,057729273962231764000000

0,002767672356450787000000	0,000005824660687471948700
0,000005824660687385975700	0,002767672356450973000000
0,003416378737637850400000	0,000030787406747667572000
0,000030787406747667484000	0,003416378737637846900000
-0,000003025377011603474100	0,002255126836596866500000
0,002255126836596866100000	-0,000003025377011583754800
-0,235790152562482920000000	-0,004711159324144412200000
-0,004711159324144312400000	-0,235790152562484120000000

-0,139127815570565970000000	0,001385498727259411300000	-51,868338895639894000000000	0,517846399619600990000000	-1,462733118618706500000000	0,004315834824159854200000	-0,310150167209209070000000	-0,002810386791196016000000
0,001385498727259258400000	-0,139127815570583570000000	0,517846399619628750000000	-51,868338895640171000000000	0,004315834824162693100000	-1,462733118618717600000000	-0,002810386791195926300000	-0,310150167209210570000000

-0,271943506877880600000000	-0,004661913343182486900000
-0,004661913343182343800000	-0,271943506877881660000000
