1

0,100000000000000010000000

0,998469027482184250000000	0,000000000000000000000000	0,004196476398640170600000	0,000000000000000000000000
0,000000000000000000000000	0,998469027482184250000000	0,000000000000000000000000	0,004196476398640170600000
0,000000000000000000000000	0,000000000000000000000000	0,995800305717229660000000	0,000000000000000000000000
0,000000000000000000000000	0,000000000000000000000000	0,000000000000000000000000	0,995800305717229660000000

0,004240882243926873100000	0,000005942483187073563500
0,000005942483187073563500	0,004240882243926873100000
0,000000000000000000000000	0,002823475745903020500000
0,002823475745903020500000	0,000000000000000000000000

1,000000000000000000000000	0,000000000000000000000000	0,000000000000000000000000	0,000000000000000000000000
0,000000000000000000000000	1,000000000000000000000000	0,000000000000000000000000	0,000000000000000000000000

0,000000000000000000000000	0,000000000000000000000000
0,000000000000000000000000	0,000000000000000000000000

1,000000000000000000000000	0,000000000000000000000000
0,000000000000000000000000	1,000000000000000000000000

0,125000000000000000000000	0,000000000000000000000000
0,000000000000000000000000	0,125000000000000000000000

0,079999999999984084000000	0,000000000000000000000000
0,000000000000000000000000	0,079999999999984084000000

60,000000000000000000000000	0,000000000000000000000000
0,000000000000000000000000	60,000000000000000000000000

0,367879441171442330000000	0,000000000000000000000000
0,000000000000000000000000	0,367879441171442330000000

1,000000000000000000000000	0,000000000000000000000000
0,000000000000000000000000	1,000000000000000000000000

0,632120558828557670000000	0,000000000000000000000000
0,000000000000000000000000	0,632120558828557670000000

0,000000000000000000000000	0,000000000000000000000000
0,000000000000000000000000	0,000000000000000000000000

8
0,999834174800197980000000	-0,000000540269496843482220	0,000631100148481486540000	-0,000405202122632692320000	0,000000000000000000000000	0,000000000000000000000000	0,000000000000000000000000	0,000000000000000000000000
-0,000000540269496844045390	0,999834174800197980000000	-0,000405202122633114620000	0,000631100148475921550000	0,000000000000000000000000	0,000000000000000000000000	0,000000000000000000000000	0,000000000000000000000000
-0,000290709142503617680000	-0,000003676565024969732700	0,780437170604427630000000	-0,002757423768727848000000	0,004196476398640170600000	0,000000000000000000000000	0,002680748853957162500000	0,000003756365793042249200
-0,000003676565024969730200	-0,000290709142503618330000	-0,002757423768727846300000	0,780437170604427080000000	0,000000000000000000000000	0,004196476398640170600000	0,000003756365793042249200	0,002680748853957162500000
0,000000242948140093756980	-0,000191236996741921840000	0,000182211105070354000000	-0,143427747556469920000000	0,995800305717229660000000	0,000000000000000000000000	0,000000000000000000000000	0,001784777066339096100000
-0,000191236996741922840000	0,000000242948140092695860	-0,143427747556470670000000	0,000182211105069558140000	0,000000000000000000000000	0,995800305717229660000000	0,001784777066339096100000	0,000000000000000000000000
-0,057955747543265018000000	0,000485843740036818680000	-43,031118379831476000000000	0,359809482695166550000000	-1,311521619166922300000000	0,003906361592504586700000	0,148367461023308970000000	-0,002792366007115332700000
0,000485843740036921630000	-0,057955747543245645000000	0,359809482695166940000000	-43,031118379831391000000000	0,003906361592513555300000	-1,311521619166938300000000	-0,002792366007115374400000	0,148367461023309360000000

0,002072814997525308500000	0,000006753368710544871500
0,000006753368710551910400	0,002072814997525401300000
0,003633864281295943700000	0,000045957062812130802000
0,000045957062812130769000	0,003633864281295952300000
-0,000003036851751172566500	0,002390462459274498500000
0,002390462459274511100000	-0,000003036851751159302400
-0,172093240999527250000000	-0,004923356968130038200000
-0,004923356968130108500000	-0,172093240999527360000000

-0,055715500600448539000000	0,000482842924288713690000	-41,350933172718783000000000	0,357558870884087390000000	-1,311521619166922300000000	0,003906361592504586700000	-0,219511980148133360000000	-0,002792366007115332700000
0,000482842924288815880000	-0,055715500600429166000000	0,357558870884087170000000	-41,350933172718698000000000	0,003906361592513555300000	-1,311521619166938300000000	-0,002792366007115374400000	-0,219511980148132970000000

-0,200096327784738820000000	-0,004885846771278719000000
-0,004885846771278778800000	-0,200096327784738930000000
