1

0,100000000000000010000000

0,998469027482184250000000	0,000000000000000000000000	0,004196476398640170600000	0,000000000000000000000000
0,000000000000000000000000	0,998469027482184250000000	0,000000000000000000000000	0,004196476398640170600000
0,000000000000000000000000	0,000000000000000000000000	0,995800305717229660000000	0,000000000000000000000000
0,000000000000000000000000	0,000000000000000000000000	0,000000000000000000000000	0,995800305717229660000000

0,004240882243926873100000	0,000005942483187073563500
0,000005942483187073563500	0,004240882243926873100000
0,000000000000000000000000	0,002823475745903020500000
0,002823475745903020500000	0,000000000000000000000000

1,000000000000000000000000	0,000000000000000000000000	0,000000000000000000000000	0,000000000000000000000000
0,000000000000000000000000	1,000000000000000000000000	0,000000000000000000000000	0,000000000000000000000000

0,000000000000000000000000	0,000000000000000000000000
0,000000000000000000000000	0,000000000000000000000000

1,000000000000000000000000	0,000000000000000000000000
0,000000000000000000000000	1,000000000000000000000000

0,125000000000000000000000	0,000000000000000000000000
0,000000000000000000000000	0,125000000000000000000000

0,200000000000045470000000	0,000000000000000000000000
0,000000000000000000000000	0,200000000000045470000000

200,000000000000000000000000	0,000000000000000000000000
0,000000000000000000000000	200,000000000000000000000000

0,367879441171442330000000	0,000000000000000000000000
0,000000000000000000000000	0,367879441171442330000000

1,000000000000000000000000	0,000000000000000000000000
0,000000000000000000000000	1,000000000000000000000000

0,632120558828557670000000	0,000000000000000000000000
0,000000000000000000000000	0,632120558828557670000000

0,000000000000000000000000	0,000000000000000000000000
0,000000000000000000000000	0,000000000000000000000000

8
0,999875150360687970000000	-0,000000097470281220849414	0,000150360688024001040000	-0,000097470281220827251000	0,000000000000000000000000	0,000000000000000000000000	0,000000000000000000000000	0,000000000000000000000000
-0,000000097470281236000927	0,999875150360687970000000	-0,000097470281235978760000	0,000150360688034603670000	0,000000000000000000000000	0,000000000000000000000000	0,000000000000000000000000	0,000000000000000000000000
-0,000561886899881441760000	-0,000002787049263728221200	0,436582127600870230000000	-0,002787049263727587300000	0,004196476398640170600000	0,000000000000000000000000	0,002680748853957162500000	0,000003756365793042249200
-0,000002787049263728080500	-0,000561886899881441760000	-0,002787049263727446800000	0,436582127600870230000000	0,000000000000000000000000	0,004196476398640170600000	0,000003756365793042249200	0,002680748853957162500000
0,000000515717374556673990	-0,000372327286192162190000	0,000515717374556556730000	-0,372327286192077560000000	0,995800305717229660000000	0,000000000000000000000000	0,000000000000000000000000	0,001784777066339096100000
-0,000372327286192162130000	0,000000515717374560315490	-0,372327286192077500000000	0,000515717374560198240000	0,000000000000000000000000	0,995800305717229660000000	0,001784777066339096100000	0,000000000000000000000000
-0,068641532861108814000000	0,000981235154333534020000	-68,010822074777565000000000	0,979352573881776430000000	-1,870525533058239100000000	0,003054616184231003700000	-0,198789808511404710000000	-0,002837608927964844000000
0,000981235154334916160000	-0,068641532861110105000000	0,979352573881753010000000	-68,010822074776314000000000	0,003054616184227374700000	-1,870525533058211100000000	-0,002837608927964792800000	-0,198789808511400710000000

0,000624248196559880020000	0,000000487351406104136240
0,000000487351406179893810	0,000624248196559827000000
0,002809434499406569900000	0,000013935246318637937000
0,000013935246318637234000	0,002809434499406569900000
-0,000002578586872782783800	0,001861636430960387700000
0,001861636430960387400000	-0,000002578586872800991200
-0,378569084922592170000000	-0,003951053662683898600000
-0,003951053662683782400000	-0,378569084922585120000000

-0,058467236015003768000000	0,000967133109778774190000	-57,836525228674830000000000	0,965250529327019710000000	-1,870525533058239100000000	0,003054616184231003700000	-0,566669249682847040000000	-0,002837608927964844000000
0,000967133109780138880000	-0,058467236015005072000000	0,965250529326978970000000	-57,836525228673594000000000	0,003054616184227374700000	-1,870525533058211100000000	-0,002837608927964792800000	-0,566669249682843050000000

-0,429440569153105860000000	-0,003880543439910115500000
-0,003880543439909911600000	-0,429440569153098750000000
