1

0,100000000000000010000000

0,998469027482184250000000	0,000000000000000000000000	0,004196476398640170600000	0,000000000000000000000000
0,000000000000000000000000	0,998469027482184250000000	0,000000000000000000000000	0,004196476398640170600000
0,000000000000000000000000	0,000000000000000000000000	0,995800305717229660000000	0,000000000000000000000000
0,000000000000000000000000	0,000000000000000000000000	0,000000000000000000000000	0,995800305717229660000000

0,004240882243926873100000	0,000005942483187073563500
0,000005942483187073563500	0,004240882243926873100000
0,000000000000000000000000	0,002823475745903020500000
0,002823475745903020500000	0,000000000000000000000000

1,000000000000000000000000	0,000000000000000000000000	0,000000000000000000000000	0,000000000000000000000000
0,000000000000000000000000	1,000000000000000000000000	0,000000000000000000000000	0,000000000000000000000000

0,000000000000000000000000	0,000000000000000000000000
0,000000000000000000000000	0,000000000000000000000000

1,000000000000000000000000	0,000000000000000000000000
0,000000000000000000000000	1,000000000000000000000000

0,125000000000000000000000	0,000000000000000000000000
0,000000000000000000000000	0,125000000000000000000000

0,159999999999996590000000	0,000000000000000000000000
0,000000000000000000000000	0,159999999999996590000000

30,000000000000000000000000	0,000000000000000000000000
0,000000000000000000000000	30,000000000000000000000000

0,367879441171442330000000	0,000000000000000000000000
0,000000000000000000000000	0,367879441171442330000000

1,000000000000000000000000	0,000000000000000000000000
0,000000000000000000000000	1,000000000000000000000000

0,632120558828557670000000	0,000000000000000000000000
0,000000000000000000000000	0,632120558828557670000000

0,000000000000000000000000	0,000000000000000000000000
0,000000000000000000000000	0,000000000000000000000000

8
0,999341403948114990000000	-0,000004650807922655657900	0,001513240271565324800000	-0,000872026485497954370000	0,000000000000000000000000	0,000000000000000000000000	0,000000000000000000000000	0,000000000000000000000000
-0,000004650807922835553300	0,999341403948115210000000	-0,000872026485531684870000	0,001513240271603211200000	0,000000000000000000000000	0,000000000000000000000000	0,000000000000000000000000	0,000000000000000000000000
-0,000619491193864158780000	-0,000014454846747524587000	0,882314428632651970000000	-0,002710283765160917700000	0,004196476398640170600000	0,000000000000000000000000	0,002680748853957162500000	0,000003756365793042249200
-0,000014454846747523676000	-0,000619491193864159540000	-0,002710283765160747200000	0,882314428632651860000000	0,000000000000000000000000	0,004196476398640170600000	0,000003756365793042249200	0,002680748853957162500000
0,000000390076878439280780	-0,000403435091507117260000	0,000073139414707366706000	-0,075644079657586100000000	0,995800305717229660000000	0,000000000000000000000000	0,000000000000000000000000	0,001784777066339096100000
-0,000403435091507114010000	0,000000390076878450903020	-0,075644079657585489000000	0,000073139414709545871000	0,000000000000000000000000	0,995800305717229660000000	0,001784777066339096100000	0,000000000000000000000000
-0,138601414775069260000000	0,000951437009508553630000	-25,741682181047818000000000	0,173830150931372720000000	-1,153958672383400100000000	0,008417007173754955500000	0,248443526922282890000000	-0,002839032351564979800000
0,000951437009506734990000	-0,138601414775046090000000	0,173830150931307960000000	-25,741682181047768000000000	0,008417007173687094900000	-1,153958672383330200000000	-0,002839032351565030100000	0,248443526922283000000000

0,004116225324281156000000	0,000029067549516598479000
0,000029067549517722827000	0,004116225324279893100000
0,003871819961651075000000	0,000090342792172030592000
0,000090342792172024900000	0,003871819961651079400000
-0,000002437980490245556900	0,002521469321919536700000
0,002521469321919516400000	-0,000002437980490318195900
-0,097034398010388961000000	-0,005203520374931127500000
-0,005203520374931143100000	-0,097034398010388573000000

-0,135958198309983490000000	0,000948076172712659020000	-25,246079093844223000000000	0,173199994032142450000000	-1,153958672383400100000000	0,008417007173754955500000	-0,119435914249159450000000	-0,002839032351564979800000
0,000948076172710849700000	-0,135958198309960310000000	0,173199994032079470000000	-25,246079093844170000000000	0,008417007173687094900000	-1,153958672383330200000000	-0,002839032351565030100000	-0,119435914249159350000000

-0,113554500917175410000000	-0,005182515144956785700000
-0,005182515144956859400000	-0,113554500917175130000000
