1

0,100000000000000010000000

0,998664435139008710000000	0,000000000000000000000000	0,003548172528609999100000	0,000000000000000000000000
0,000000000000000000000000	0,998373328858393360000000	0,000000000000000000000000	0,003547655173780582600000
0,000000000000000000000000	0,000000000000000000000000	0,996449454545846770000000	0,000000000000000000000000
0,000000000000000000000000	0,000000000000000000000000	0,000000000000000000000000	0,996449454545846770000000

0,005301621387731689100000	0,000003265426563762714200
0,000003139528107193268500	0,005230170838365409300000
0,000000000000000000000000	0,001835856940689837700000
0,001765247058355613300000	0,000000000000000000000000

1,000000000000000000000000	0,000000000000000000000000	0,000000000000000000000000	0,000000000000000000000000
0,000000000000000000000000	1,000000000000000000000000	0,000000000000000000000000	0,000000000000000000000000

0,000000000000000000000000	0,000000000000000000000000
0,000000000000000000000000	0,000000000000000000000000

1,000000000000000000000000	0,000000000000000000000000
0,000000000000000000000000	1,000000000000000000000000

0,125000000000000000000000	0,000000000000000000000000
0,000000000000000000000000	0,125000000000000000000000

0,159999999999996590000000	0,000000000000000000000000
0,000000000000000000000000	0,159999999999996590000000

20,000000000000000000000000	0,000000000000000000000000
0,000000000000000000000000	20,000000000000000000000000

0,367879441171442330000000	0,000000000000000000000000
0,000000000000000000000000	0,367879441171442330000000

1,000000000000000000000000	0,000000000000000000000000
0,000000000000000000000000	1,000000000000000000000000

0,632120558828557670000000	0,000000000000000000000000
0,000000000000000000000000	0,632120558828557670000000

0,000000000000000000000000	0,000000000000000000000000
0,000000000000000000000000	0,000000000000000000000000

8
0,268928608957159310000000	-0,001179616583209015900000	1,000000000000000000000000	0,000000000000000000000000	0,000000000000000000000000	0,000000000000000000000000	0,000000000000000000000000	0,000000000000000000000000
-0,001174926621840233400000	0,270458895644735460000000	0,000000000000000000000000	1,000000000000000000000000	0,000000000000000000000000	0,000000000000000000000000	0,000000000000000000000000	0,000000000000000000000000
-0,027422067713138848000000	0,003287311699339104200000	0,008310361988572490000000	-0,077343535168723040000000	-0,028607210207453951000000	-0,002630548542820918800000	-0,006824034293807451100000	-0,001034935688520491800000
0,003805169551009883300000	-0,028879358044041008000000	-0,165327686202872580000000	0,027173512745658268000000	-0,004987938342628958100000	-0,027649557190738826000000	-0,001140112305822354600000	-0,006698441185087789100000
0,001631664403310484500000	-0,009664272076155021300000	-0,057826297737994005000000	-0,340887621550485960000000	0,994705307604699220000000	-0,010950078297629602000000	-0,000398775697880250850000	-0,002351024378424306800000
-0,008611543667974234200000	0,001390372071911936900000	-0,329717631944243810000000	-0,025550696239746720000000	-0,010705539740341167000000	0,995580062652267950000000	-0,002271919002353651000000	-0,000343203564004086800000
-0,032621834176985741000000	0,004935238163909707600000	-1,167391946581781900000000	-0,090464306818998641000000	-0,037903829416070997000000	-0,003078152323861988200000	0,990956086997851980000000	-0,001215139979909499100000
0,005565082412308002700000	-0,035058925422511690000000	-0,196864119884340360000000	-1,160519421458824100000000	-0,005937782046391970900000	-0,037278498037253867000000	-0,001357593860671435600000	0,990996161552963660000000

0,156537911688330700000000	0,001866125957673445900000
0,001858706548031914900000	0,154117033793753020000000
-0,003276842586378586600000	-0,010081421556946900000000
-0,013133210314899108000000	-0,000218416709999572080000
-0,005068494379559981300000	-0,000823541759293507090000
-0,001910653812868444400000	-0,003815179730800463300000
-0,003392101866924790400000	-0,013527748315452847000000
-0,017271399914853509000000	0,000609970731031000970000

0,339905511303666590000000	0,038945333744206084000000	-9,339135572654255300000000	-0,723714454551989130000000	-0,303230635328567980000000	-0,024625218590895906000000	-0,072351304017184245000000	-0,009721119839275992700000
0,044349285337929090000000	0,320887137737977000000000	-1,574912959074722800000000	-9,284155371670593100000000	-0,047502256371135768000000	-0,298227984298030930000000	-0,010860750885371485000000	-0,072030707576290903000000

-0,977715270781068570000000	-0,107373142802947170000000
-0,137900089705097870000000	-0,946455438677459630000000
