1

0,100000000000000010000000

0,998664435139008710000000	0,000000000000000000000000	0,003548172528609999100000	0,000000000000000000000000
0,000000000000000000000000	0,998373328858393360000000	0,000000000000000000000000	0,003547655173780582600000
0,000000000000000000000000	0,000000000000000000000000	0,996449454545846770000000	0,000000000000000000000000
0,000000000000000000000000	0,000000000000000000000000	0,000000000000000000000000	0,996449454545846770000000

0,005301621387731689100000	0,000003265426563762714200
0,000003139528107193268500	0,005230170838365409300000
0,000000000000000000000000	0,001835856940689837700000
0,001765247058355613300000	0,000000000000000000000000

1,000000000000000000000000	0,000000000000000000000000	0,000000000000000000000000	0,000000000000000000000000
0,000000000000000000000000	1,000000000000000000000000	0,000000000000000000000000	0,000000000000000000000000

0,000000000000000000000000	0,000000000000000000000000
0,000000000000000000000000	0,000000000000000000000000

1,000000000000000000000000	0,000000000000000000000000
0,000000000000000000000000	1,000000000000000000000000

0,250000000000000000000000	0,000000000000000000000000
0,000000000000000000000000	0,250000000000000000000000

0,159999999999996590000000	0,000000000000000000000000
0,000000000000000000000000	0,159999999999996590000000

40,000000000000000000000000	0,000000000000000000000000
0,000000000000000000000000	40,000000000000000000000000

0,904837418035959520000000	0,000000000000000000000000
0,000000000000000000000000	0,904837418035959520000000

0,250000000000000000000000	0,000000000000000000000000
0,000000000000000000000000	0,250000000000000000000000

0,380650327856161710000000	0,000000000000000000000000
0,000000000000000000000000	0,380650327856161710000000

0,000000000000000000000000	0,000000000000000000000000
0,000000000000000000000000	0,000000000000000000000000

8
0,776650729255807360000000	-0,001191906711899224900000	0,250000000000000000000000	0,000000000000000000000000	0,000000000000000000000000	0,000000000000000000000000	0,000000000000000000000000	0,000000000000000000000000
-0,001187359839170123000000	0,778168944323641250000000	0,000000000000000000000000	0,250000000000000000000000	0,000000000000000000000000	0,000000000000000000000000	0,000000000000000000000000	0,000000000000000000000000
-0,297877003983442910000000	-0,021835822309530423000000	-0,001014503309274550300000	-0,083003677509918841000000	-0,017797605786383546000000	-0,001904678930294966400000	-0,004224149955887968600000	-0,000384977908850734310000
-0,025208631592975334000000	-0,282330971862786880000000	-0,100536294828651350000000	0,050748018295659558000000	-0,001758092583234203300000	-0,016792276244058116000000	-0,000423208013364974710000	-0,003994944587707304100000
-0,008426182667564672800000	-0,098513057830903902000000	-0,035081742951127301000000	-0,332611488614518060000000	0,995836778321046890000000	-0,007139183122328016100000	-0,000147673439413946250000	-0,001402197204172510100000
-0,098533855679064988000000	-0,006853051093408025900000	-0,332835943105403710000000	-0,027440219191743210000000	-0,007107004805147308300000	0,995819493862100110000000	-0,001406400809941933100000	-0,000127353201288616580000
-0,351497952770721160000000	-0,024258277199592327000000	-1,178432579486393200000000	-0,097154315673044833000000	-0,025162925394447762000000	-0,002230426757988289100000	0,994020524169390130000000	-0,000450904310694795650000
-0,028682015276726598000000	-0,338030313297552340000000	-0,119432450636462240000000	-1,132344115582123900000000	-0,002085797820150769700000	-0,024304668585877841000000	-0,000502740151414170050000	0,994226353245811660000000

0,336757069150852520000000	0,003131237843960603900000
0,003119292831973592100000	0,332768592176763130000000
-0,113156479786844230000000	-0,030175161460561810000000
-0,031487442178733727000000	-0,096074580253003861000000
-0,011975924298379813000000	-0,035251959690850862000000
-0,039360059020462843000000	-0,010969843989375123000000
-0,132445968449188130000000	-0,038854080862767044000000
-0,040781718173933203000000	-0,113044923556309100000000

-1,049078976748417000000000	-0,097319135850853833000000	-4,713730317945573000000000	-0,388617262692179330000000	-0,100651701577791050000000	-0,008921707031953156300000	-0,023917903322439697000000	-0,001803617242779182600000
-0,114866916413230100000000	-0,994935142047532970000000	-0,477729802545848960000000	-4,529376462328495600000000	-0,008343191280603078800000	-0,097218674343511363000000	-0,002010960605656680200000	-0,023094587016753289000000

-1,467423508431025400000000	-0,154664906647894920000000
-0,162762088282947080000000	-1,390537249712875600000000
