1

0,100000000000000010000000

0,998664435139008710000000	0,000000000000000000000000	0,003548172528609999100000	0,000000000000000000000000
0,000000000000000000000000	0,998373328858393360000000	0,000000000000000000000000	0,003547655173780582600000
0,000000000000000000000000	0,000000000000000000000000	0,996449454545846770000000	0,000000000000000000000000
0,000000000000000000000000	0,000000000000000000000000	0,000000000000000000000000	0,996449454545846770000000

0,005301621387731689100000	0,000003265426563762714200
0,000003139528107193268500	0,005230170838365409300000
0,000000000000000000000000	0,001835856940689837700000
0,001765247058355613300000	0,000000000000000000000000

1,000000000000000000000000	0,000000000000000000000000	0,000000000000000000000000	0,000000000000000000000000
0,000000000000000000000000	1,000000000000000000000000	0,000000000000000000000000	0,000000000000000000000000

0,000000000000000000000000	0,000000000000000000000000
0,000000000000000000000000	0,000000000000000000000000

1,000000000000000000000000	0,000000000000000000000000
0,000000000000000000000000	1,000000000000000000000000

0,125000000000000000000000	0,000000000000000000000000
0,000000000000000000000000	0,125000000000000000000000

0,159999999999996590000000	0,000000000000000000000000
0,000000000000000000000000	0,159999999999996590000000

20,000000000000000000000000	0,000000000000000000000000
0,000000000000000000000000	20,000000000000000000000000

0,904837418035959520000000	0,000000000000000000000000
0,000000000000000000000000	0,904837418035959520000000

0,250000000000000000000000	0,000000000000000000000000
0,000000000000000000000000	0,250000000000000000000000

0,380650327856161710000000	0,000000000000000000000000
0,000000000000000000000000	0,380650327856161710000000

0,000000000000000000000000	0,000000000000000000000000
0,000000000000000000000000	0,000000000000000000000000

8
0,828643764561494800000000	-0,001172262371919947400000	0,250000000000000000000000	0,000000000000000000000000	0,000000000000000000000000	0,000000000000000000000000	0,000000000000000000000000	0,000000000000000000000000
-0,001169272561068559100000	0,829730537254142360000000	0,000000000000000000000000	0,250000000000000000000000	0,000000000000000000000000	0,000000000000000000000000	0,000000000000000000000000	0,000000000000000000000000
-0,188373253296879260000000	-0,033636622236833544000000	0,080211972320654246000000	-0,192606825028607540000000	-0,030144514036462081000000	-0,006954033789932013100000	-0,007233559341457651700000	-0,001496405994028721200000
-0,032557062157534539000000	-0,167733339950490780000000	-0,187330411970116160000000	0,188465150194448090000000	-0,006765027172030464400000	-0,026709125058485952000000	-0,001660498496386477100000	-0,006672383072065702000000
-0,011117711771525467000000	-0,058429422802762775000000	-0,065564484839234854000000	-0,284248211347059580000000	0,994081845987700890000000	-0,010619075758275550000000	-0,000581352856837050140000	-0,002341781720722579500000
-0,062229721529606118000000	-0,010894845601326289000000	-0,305772428493740810000000	-0,063962722820017998000000	-0,011217036751939396000000	0,994140303312843200000000	-0,002408167815882181800000	-0,000496861862125077080000
-0,222317970347396640000000	-0,038565720490469434000000	-1,082612016850555100000000	-0,226465194054768060000000	-0,039714825960354666000000	-0,008175736726459336600000	0,990473687052460420000000	-0,001759179613744550400000
-0,037842820339456809000000	-0,200923770750999320000000	-0,223208040432192110000000	-0,967695947077210290000000	-0,008060297706449464200000	-0,036151631436098411000000	-0,001979160398993978300000	0,991027627300296920000000

0,200167050698709550000000	0,003079630532626038200000
0,003071776051406418600000	0,197312008647995170000000
-0,028882957222832406000000	-0,027826576807561350000000
-0,027442006561518961000000	-0,015902420433354783000000
-0,010338651038425245000000	-0,006732501183814299000000
-0,010885340383007369000000	-0,009971408100722009900000
-0,033316191093289801000000	-0,035326543682744384000000
-0,035213686416489545000000	-0,017649260659237276000000

-1,412155877810590500000000	-0,308869252564432100000000	-8,660896134804440600000000	-1,811721552438144500000000	-0,317718607682837330000000	-0,065405893811674692000000	-0,076210503580316530000000	-0,014073436909956404000000
-0,302828260706050180000000	-1,240802512217752000000000	-1,785664323457536900000000	-7,741567576617682400000000	-0,064482381651595713000000	-0,289213051488787290000000	-0,015833283191951826000000	-0,071778981597624664000000

-1,229060907694799600000000	-0,281709976298082640000000
-0,281484355599396830000000	-1,104250273494934000000000
