1

0,100000000000000010000000

0,998469027482184250000000	0,000000000000000000000000	0,004196476398640170600000	0,000000000000000000000000
0,000000000000000000000000	0,998469027482184250000000	0,000000000000000000000000	0,004196476398640170600000
0,000000000000000000000000	0,000000000000000000000000	0,995800305717229660000000	0,000000000000000000000000
0,000000000000000000000000	0,000000000000000000000000	0,000000000000000000000000	0,995800305717229660000000

0,005301102804908592300000	0,000003714051991920977800
0,000003714051991920977800	0,005301102804908592300000
0,000000000000000000000000	0,001764672341189388100000
0,001764672341189388100000	0,000000000000000000000000

1,000000000000000000000000	0,000000000000000000000000	0,000000000000000000000000	0,000000000000000000000000
0,000000000000000000000000	1,000000000000000000000000	0,000000000000000000000000	0,000000000000000000000000

0,000000000000000000000000	0,000000000000000000000000
0,000000000000000000000000	0,000000000000000000000000

1,000000000000000000000000	0,000000000000000000000000
0,000000000000000000000000	1,000000000000000000000000

0,250000000000000000000000	0,000000000000000000000000
0,000000000000000000000000	0,250000000000000000000000

0,399999999999977260000000	0,000000000000000000000000
0,000000000000000000000000	0,399999999999977260000000

100,000000000000000000000000	0,000000000000000000000000
0,000000000000000000000000	100,000000000000000000000000

0,367879441171442330000000	0,000000000000000000000000
0,000000000000000000000000	0,367879441171442330000000

1,000000000000000000000000	0,000000000000000000000000
0,000000000000000000000000	1,000000000000000000000000

0,632120558828557670000000	0,000000000000000000000000
0,000000000000000000000000	0,632120558828557670000000

0,000000000000000000000000	0,000000000000000000000000
0,000000000000000000000000	0,000000000000000000000000

8
0,999002054201887810000000	-0,000000554533111227718650	0,000513550471934465240000	-0,000138633277806937540000	0,000000000000000000000000	0,000000000000000000000000	0,000000000000000000000000	0,000000000000000000000000
-0,000000554533111226537150	0,999002054201887810000000	-0,000138633277806642150000	0,000513550471938933880000	0,000000000000000000000000	0,000000000000000000000000	0,000000000000000000000000	0,000000000000000000000000
-0,001597389815252237500000	-0,000005557823114699662900	0,599121573669102240000000	-0,001389455778674994700000	0,004196476398640170600000	0,000000000000000000000000	0,003350936067446453900000	0,000002347728620651406100
-0,000005557823114699879800	-0,001597389815252233200000	-0,001389455778675048900000	0,599121573669103240000000	0,000000000000000000000000	0,004196476398640170600000	0,000002347728620651406100	0,003350936067446453900000
0,000000361562660379087460	-0,000528231409871617430000	0,000090390665094777003000	-0,132057852467911880000000	0,995800305717229660000000	0,000000000000000000000000	0,000000000000000000000000	0,001115485666461935200000
-0,000528231409871617000000	0,000000361562660389941340	-0,132057852467911770000000	0,000090390665097490476000	0,000000000000000000000000	0,995800305717229660000000	0,001115485666461935200000	0,000000000000000000000000
-0,204232124960006450000000	0,001102802836807561100000	-50,893763814284618000000000	0,275415238056368690000000	-1,290101358396073900000000	0,001626018365918865000000	-0,035306608691030694000000	-0,001411092237030117400000
0,001102802836808490100000	-0,204232124960016470000000	0,275415238056336500000000	-50,893763814284569000000000	0,001626018365922331600000	-1,290101358396065400000000	-0,001411092237030283500000	-0,035306608691029862000000

0,002494864495280655300000	0,000001386332778069375500
0,000001386332778066421600	0,002494864495280610600000
0,003993474538130820600000	0,000013894557786749948000
0,000013894557786750490000	0,003993474538130810200000
-0,000000903906650947769960	0,001320578524679118700000
0,001320578524679117600000	-0,000000903906650974904770
-0,294609496939372490000000	-0,002227291123985133500000
-0,002227291123985330800000	-0,294609496939371000000000

-0,187099851478840810000000	0,001091028705263018500000	-46,610695443992967000000000	0,272471705170232890000000	-1,290101358396073900000000	0,001626018365918865000000	-0,403186049862473030000000	-0,001411092237030117400000
0,001091028705263970500000	-0,187099851478850860000000	0,272471705170206470000000	-46,610695443992924000000000	0,001626018365922331600000	-1,290101358396065400000000	-0,001411092237030283500000	-0,403186049862472200000000

-0,337440180642289030000000	-0,002197855795123775300000
-0,002197855795124030300000	-0,337440180642287420000000
