1

0,100000000000000010000000

0,998469027482184250000000	0,000000000000000000000000	0,004196476398640170600000	0,000000000000000000000000
0,000000000000000000000000	0,998469027482184250000000	0,000000000000000000000000	0,004196476398640170600000
0,000000000000000000000000	0,000000000000000000000000	0,995800305717229660000000	0,000000000000000000000000
0,000000000000000000000000	0,000000000000000000000000	0,000000000000000000000000	0,995800305717229660000000

0,005301102804908592300000	0,000003714051991920977800
0,000003714051991920977800	0,005301102804908592300000
0,000000000000000000000000	0,001764672341189388100000
0,001764672341189388100000	0,000000000000000000000000

1,000000000000000000000000	0,000000000000000000000000	0,000000000000000000000000	0,000000000000000000000000
0,000000000000000000000000	1,000000000000000000000000	0,000000000000000000000000	0,000000000000000000000000

0,000000000000000000000000	0,000000000000000000000000
0,000000000000000000000000	0,000000000000000000000000

1,000000000000000000000000	0,000000000000000000000000
0,000000000000000000000000	1,000000000000000000000000

0,250000000000000000000000	0,000000000000000000000000
0,000000000000000000000000	0,250000000000000000000000

0,479999999999961350000000	0,000000000000000000000000
0,000000000000000000000000	0,479999999999961350000000

80,000000000000000000000000	0,000000000000000000000000
0,000000000000000000000000	80,000000000000000000000000

0,367879441171442330000000	0,000000000000000000000000
0,000000000000000000000000	0,367879441171442330000000

1,000000000000000000000000	0,000000000000000000000000
0,000000000000000000000000	1,000000000000000000000000

0,632120558828557670000000	0,000000000000000000000000
0,000000000000000000000000	0,632120558828557670000000

0,000000000000000000000000	0,000000000000000000000000
0,000000000000000000000000	0,000000000000000000000000

8
0,998504732093401850000000	-0,000001165707800268921600	0,000788682233618720470000	-0,000194284633378169220000	0,000000000000000000000000	0,000000000000000000000000	0,000000000000000000000000	0,000000000000000000000000
-0,000001165707800253362800	0,998504732093401850000000	-0,000194284633375576130000	0,000788682233621662570000	0,000000000000000000000000	0,000000000000000000000000	0,000000000000000000000000	0,000000000000000000000000
-0,002009328691699308400000	-0,000008318136461417182400	0,663580912198939220000000	-0,001386356076902975400000	0,004196476398640170600000	0,000000000000000000000000	0,003350936067446453900000	0,000002347728620651406100
-0,000008318136461417600800	-0,002009328691699308000000	-0,001386356076903045200000	0,663580912198939330000000	0,000000000000000000000000	0,004196476398640170600000	0,000002347728620651406100	0,003350936067446453900000
0,000000449792657054851220	-0,000663615373356534490000	0,000074965442842481243000	-0,110602562226097990000000	0,995800305717229660000000	0,000000000000000000000000	0,000000000000000000000000	0,001115485666461935200000
-0,000663615373356533620000	0,000000449792657079171650	-0,110602562226097840000000	0,000074965442846534642000	0,000000000000000000000000	0,995800305717229660000000	0,001115485666461935200000	0,000000000000000000000000
-0,285254438009792610000000	0,001370445033666898300000	-47,533270796269449000000000	0,228389895198248450000000	-1,229971300774980400000000	0,001799217422923385400000	0,022280164565723792000000	-0,001468898633394791900000
0,001370445033667082900000	-0,285254438009722220000000	0,228389895198261670000000	-47,533270796269754000000000	0,001799217422929547600000	-1,229971300774993500000000	-0,001468898633394745500000	0,022280164565724625000000

0,003115141472079766000000	0,000002428557917227115400
0,000002428557917194701600	0,003115141472079729100000
0,004186101441040562800000	0,000017329450961287193000
0,000017329450961288063000	0,004186101441040561900000
-0,000000937068035531015520	0,001382532027826224900000
0,001382532027826223000000	-0,000000937068035581683020
-0,261692083507797320000000	-0,002400187408182866700000
-0,002400187408182805500000	-0,261692083507798210000000

-0,266868375267182380000000	0,001357882190322518500000	-44,468927005834161000000000	0,226296087974184990000000	-1,229971300774980400000000	0,001799217422923385400000	-0,345599276605718540000000	-0,001468898633394791900000
0,001357882190322738800000	-0,266868375267111930000000	0,226296087974204140000000	-44,468927005834459000000000	0,001799217422929547600000	-1,229971300774993500000000	-0,001468898633394745500000	-0,345599276605717710000000

-0,299996380888238430000000	-0,002374014817882073500000
-0,002374014817882086500000	-0,299996380888239430000000
