1

0,100000000000000010000000

0,998469027482184250000000	0,000000000000000000000000	0,004196476398640170600000	0,000000000000000000000000
0,000000000000000000000000	0,998469027482184250000000	0,000000000000000000000000	0,004196476398640170600000
0,000000000000000000000000	0,000000000000000000000000	0,995800305717229660000000	0,000000000000000000000000
0,000000000000000000000000	0,000000000000000000000000	0,000000000000000000000000	0,995800305717229660000000

0,005301102804908592300000	0,000003714051991920977800
0,000003714051991920977800	0,005301102804908592300000
0,000000000000000000000000	0,001764672341189388100000
0,001764672341189388100000	0,000000000000000000000000

1,000000000000000000000000	0,000000000000000000000000	0,000000000000000000000000	0,000000000000000000000000
0,000000000000000000000000	1,000000000000000000000000	0,000000000000000000000000	0,000000000000000000000000

0,000000000000000000000000	0,000000000000000000000000
0,000000000000000000000000	0,000000000000000000000000

1,000000000000000000000000	0,000000000000000000000000
0,000000000000000000000000	1,000000000000000000000000

0,125000000000000000000000	0,000000000000000000000000
0,000000000000000000000000	0,125000000000000000000000

0,159999999999996590000000	0,000000000000000000000000
0,000000000000000000000000	0,159999999999996590000000

20,000000000000000000000000	0,000000000000000000000000
0,000000000000000000000000	20,000000000000000000000000

0,367879441171442330000000	0,000000000000000000000000
0,000000000000000000000000	0,367879441171442330000000

1,000000000000000000000000	0,000000000000000000000000
0,000000000000000000000000	1,000000000000000000000000

0,632120558828557670000000	0,000000000000000000000000
0,000000000000000000000000	0,632120558828557670000000

0,000000000000000000000000	0,000000000000000000000000
0,000000000000000000000000	0,000000000000000000000000

8
0,999012126715076780000000	-0,000003272149660680668600	0,001515839384601078100000	-0,000409018707585092280000	0,000000000000000000000000	0,000000000000000000000000	0,000000000000000000000000	0,000000000000000000000000
-0,000003272149660665328800	0,999012126715076890000000	-0,000409018707583174810000	0,001515839384601730400000	0,000000000000000000000000	0,000000000000000000000000	0,000000000000000000000000	0,000000000000000000000000
-0,000782140890018234200000	-0,000010763861743261960000	0,900701416229902850000000	-0,001345482717907773700000	0,004196476398640170600000	0,000000000000000000000000	0,003350936067446453900000	0,000002347728620651406100
-0,000010763861743262184000	-0,000782140890018242010000	-0,001345482717907801600000	0,900701416229901850000000	0,000000000000000000000000	0,004196476398640170600000	0,000002347728620651406100	0,003350936067446453900000
0,000000105082183279504280	-0,000253625302150893660000	0,000013135272909938314000	-0,031703162768862383000000	0,995800305717229660000000	0,000000000000000000000000	0,000000000000000000000000	0,001115485666461935200000
-0,000253625302150895610000	0,000000105082183280426140	-0,031703162768862626000000	0,000013135272910053546000	0,000000000000000000000000	0,995800305717229660000000	0,001115485666461935200000	0,000000000000000000000000
-0,139979836193151940000000	0,000496414757443478420000	-17,382237158678667000000000	0,060991135004723369000000	-0,883118192333939180000000	0,004600019671433194100000	0,268586293443822450000000	-0,001363484228601880400000
0,000496414757440134300000	-0,139979836193049910000000	0,060991135004695406000000	-17,382237158678564000000000	0,004600019671434862000000	-0,883118192333933180000000	-0,001363484228601974200000	0,268586293443822950000000

0,006174208030769946100000	0,000020450935379254615000
0,000020450935379158741000	0,006174208030769913100000
0,004888380562614067600000	0,000067274135895388685000
0,000067274135895390081000	0,004888380562614117100000
-0,000000656763645496915740	0,001585158138443119100000
0,001585158138443131200000	-0,000000656763645502677370
-0,081078565525059418000000	-0,002535649008117117700000
-0,002535649008117231300000	-0,081078565525059307000000

-0,137711816417575160000000	0,000495004096800796390000	-17,098734686731564000000000	0,060814802424388116000000	-0,883118192333939180000000	0,004600019671433194100000	-0,099293147727619907000000	-0,001363484228601880400000
0,000495004096797462470000	-0,137711816417473150000000	0,060814802424361429000000	-17,098734686731461000000000	0,004600019671434862000000	-0,883118192333933180000000	-0,001363484228601974200000	-0,099293147727619366000000

-0,095253689122414567000000	-0,002526832379100355000000
-0,002526832379100532300000	-0,095253689122414359000000
