1

0,100000000000000010000000

0,998469027482184250000000	0,000000000000000000000000	0,004196476398640170600000	0,000000000000000000000000
0,000000000000000000000000	0,998469027482184250000000	0,000000000000000000000000	0,004196476398640170600000
0,000000000000000000000000	0,000000000000000000000000	0,995800305717229660000000	0,000000000000000000000000
0,000000000000000000000000	0,000000000000000000000000	0,000000000000000000000000	0,995800305717229660000000

0,005301102804908592300000	0,000003714051991920977800
0,000003714051991920977800	0,005301102804908592300000
0,000000000000000000000000	0,001764672341189388100000
0,001764672341189388100000	0,000000000000000000000000

1,000000000000000000000000	0,000000000000000000000000	0,000000000000000000000000	0,000000000000000000000000
0,000000000000000000000000	1,000000000000000000000000	0,000000000000000000000000	0,000000000000000000000000

0,000000000000000000000000	0,000000000000000000000000
0,000000000000000000000000	0,000000000000000000000000

1,000000000000000000000000	0,000000000000000000000000
0,000000000000000000000000	1,000000000000000000000000

0,250000000000000000000000	0,000000000000000000000000
0,000000000000000000000000	0,250000000000000000000000

0,239999999999980670000000	0,000000000000000000000000
0,000000000000000000000000	0,239999999999980670000000

40,000000000000000000000000	0,000000000000000000000000
0,000000000000000000000000	40,000000000000000000000000

0,367879441171442330000000	0,000000000000000000000000
0,000000000000000000000000	0,367879441171442330000000

1,000000000000000000000000	0,000000000000000000000000
0,000000000000000000000000	1,000000000000000000000000

0,632120558828557670000000	0,000000000000000000000000
0,000000000000000000000000	0,632120558828557670000000

0,000000000000000000000000	0,000000000000000000000000
0,000000000000000000000000	0,000000000000000000000000

8
0,998510281277034560000000	-0,000002532385034760323300	0,001713546172399660300000	-0,000422064172460087870000	0,000000000000000000000000	0,000000000000000000000000	0,000000000000000000000000	0,000000000000000000000000
-0,000002532385034745033000	0,998510281277034560000000	-0,000422064172457539450000	0,001713546172398050500000	0,000000000000000000000000	0,000000000000000000000000	0,000000000000000000000000	0,000000000000000000000000
-0,001113028468972863900000	-0,000008232658425452636900	0,812964282653358740000000	-0,001372109737575549900000	0,004196476398640170600000	0,000000000000000000000000	0,003350936067446453900000	0,000002347728620651406100
-0,000008232658425452699500	-0,001113028468972861000000	-0,001372109737575560400000	0,812964282653359180000000	0,000000000000000000000000	0,004196476398640170600000	0,000002347728620651406100	0,003350936067446453900000
0,000000227628229270856560	-0,000365319837005384340000	0,000037938038211812486000	-0,060886639500902298000000	0,995800305717229660000000	0,000000000000000000000000	0,000000000000000000000000	0,001115485666461935200000
-0,000365319837005383480000	0,000000227628229281387990	-0,060886639500902152000000	0,000037938038213567722000	0,000000000000000000000000	0,995800305717229660000000	0,001115485666461935200000	0,000000000000000000000000
-0,186152333548499390000000	0,000722095041658448030000	-31,017701175585511000000000	0,120318888190798780000000	-1,028802476028087800000000	0,002823784139581579100000	0,176393147078578530000000	-0,001443242475086320700000
0,000722095041658070400000	-0,186152333548497860000000	0,120318888190812300000000	-31,017701175585348000000000	0,002823784139586843600000	-1,028802476028090900000000	-0,001443242475086269100000	0,176393147078579670000000

0,006207161345690008800000	0,000010551604311502197000
0,000010551604311438487000	0,006207161345690048700000
0,004637618620720639400000	0,000034302743439388750000
0,000034302743439389007000	0,004637618620720628100000
-0,000000948450955295312080	0,001522165987522557500000
0,001522165987522553800000	-0,000000948450955339193040
-0,153620164415951300000000	-0,002572455796508801200000
-0,002572455796508723500000	-0,153620164415949690000000

-0,180252236543947870000000	0,000718183903133106880000	-30,034351674826844000000000	0,119667031769908530000000	-1,028802476028087800000000	0,002823784139581579100000	-0,191486294092863800000000	-0,001443242475086320700000
0,000718183903132727080000	-0,180252236543946310000000	0,119667031769921690000000	-30,034351674826681000000000	0,002823784139586843600000	-1,028802476028090900000000	-0,001443242475086269100000	-0,191486294092862660000000

-0,178203901934918000000000	-0,002556159385986544900000
-0,002556159385986458200000	-0,178203901934916390000000
