1

0,100000000000000010000000

0,998469027482184250000000	0,000000000000000000000000	0,004196476398640170600000	0,000000000000000000000000
0,000000000000000000000000	0,998469027482184250000000	0,000000000000000000000000	0,004196476398640170600000
0,000000000000000000000000	0,000000000000000000000000	0,995800305717229660000000	0,000000000000000000000000
0,000000000000000000000000	0,000000000000000000000000	0,000000000000000000000000	0,995800305717229660000000

0,005301102804908592300000	0,000003714051991920977800
0,000003714051991920977800	0,005301102804908592300000
0,000000000000000000000000	0,001764672341189388100000
0,001764672341189388100000	0,000000000000000000000000

1,000000000000000000000000	0,000000000000000000000000	0,000000000000000000000000	0,000000000000000000000000
0,000000000000000000000000	1,000000000000000000000000	0,000000000000000000000000	0,000000000000000000000000

0,000000000000000000000000	0,000000000000000000000000
0,000000000000000000000000	0,000000000000000000000000

1,000000000000000000000000	0,000000000000000000000000
0,000000000000000000000000	1,000000000000000000000000

0,250000000000000000000000	0,000000000000000000000000
0,000000000000000000000000	0,250000000000000000000000

0,159999999999996590000000	0,000000000000000000000000
0,000000000000000000000000	0,159999999999996590000000

40,000000000000000000000000	0,000000000000000000000000
0,000000000000000000000000	40,000000000000000000000000

0,367879441171442330000000	0,000000000000000000000000
0,000000000000000000000000	0,367879441171442330000000

1,000000000000000000000000	0,000000000000000000000000
0,000000000000000000000000	1,000000000000000000000000

0,632120558828557670000000	0,000000000000000000000000
0,000000000000000000000000	0,632120558828557670000000

0,000000000000000000000000	0,000000000000000000000000
0,000000000000000000000000	0,000000000000000000000000

8
0,999005811354383930000000	-0,000001568604540964220700	0,001452838595989547300000	-0,000392151135241063500000	0,000000000000000000000000	0,000000000000000000000000	0,000000000000000000000000	0,000000000000000000000000
-0,000001568604540957102000	0,999005811354384040000000	-0,000392151135239283840000	0,001452838595992600500000	0,000000000000000000000000	0,000000000000000000000000	0,000000000000000000000000	0,000000000000000000000000
-0,000742176602810090350000	-0,000005492193700741416500	0,812924876779657750000000	-0,001373048425185383400000	0,004196476398640170600000	0,000000000000000000000000	0,003350936067446453900000	0,000002347728620651406100
-0,000005492193700741392800	-0,000742176602810087860000	-0,001373048425185377600000	0,812924876779658300000000	0,000000000000000000000000	0,004196476398640170600000	0,000002347728620651406100	0,003350936067446453900000
0,000000150960945854015980	-0,000243598416014992020000	0,000037740236463504798000	-0,060899604003749302000000	0,995800305717229660000000	0,000000000000000000000000	0,000000000000000000000000	0,001115485666461935200000
-0,000243598416014993730000	0,000000150960945857621370	-0,060899604003749733000000	0,000037740236464406142000	0,000000000000000000000000	0,995800305717229660000000	0,001115485666461935200000	0,000000000000000000000000
-0,122062575456772900000000	0,000492157275029153540000	-30,385867059064562000000000	0,122467895928917850000000	-1,010084297216561800000000	0,002724266337308654900000	0,180244141720391080000000	-0,001391247756449175400000
0,000492157275028276750000	-0,122062575456772920000000	0,122467895928926900000000	-30,385867059064605000000000	0,002724266337308899900000	-1,010084297216549800000000	-0,001391247756449127300000	0,180244141720391100000000

0,006213679035100261000000	0,000009803778381026587800
0,000009803778380982096600	0,006213679035100184600000
0,004638603767563163900000	0,000034326210629634587000
0,000034326210629634437000	0,004638603767563148300000
-0,000000943505911587619900	0,001522490100093732600000
0,001522490100093743200000	-0,000000943505911610153620
-0,149471309291707040000000	-0,002497464789766438900000
-0,002497464789766408100000	-0,149471309291706320000000

-0,118127491289525630000000	0,000489548887832024610000	-29,402096017252724000000000	0,121815799129635600000000	-1,010084297216561800000000	0,002724266337308654900000	-0,187635299451051260000000	-0,001391247756449175400000
0,000489548887831141310000	-0,118127491289525600000000	0,121815799129643020000000	-29,402096017252756000000000	0,002724266337308899900000	-1,010084297216549800000000	-0,001391247756449127300000	-0,187635299451051230000000

-0,174065585337003030000000	-0,002481162369784382200000
-0,002481162369784311100000	-0,174065585337002560000000
