0

0,100

0,998664435139008710000000	0,000000000000000000000000	0,003548172528609999100000	0,000000000000000000000000
0,000000000000000000000000	0,998373328858393360000000	0,000000000000000000000000	0,003547655173780582600000
0,000000000000000000000000	0,000000000000000000000000	0,996449454545846770000000	0,000000000000000000000000
0,000000000000000000000000	0,000000000000000000000000	0,000000000000000000000000	0,996449454545846770000000

0,005301621387731689100000	0,000003265426563762714200
0,000003139528107193268500	0,005230170838365409300000
0,000000000000000000000000	0,001835856940689837700000
0,001765247058355613300000	0,000000000000000000000000

1,000000000000000000000000	0,000000000000000000000000	0,000000000000000000000000	0,000000000000000000000000
0,000000000000000000000000	1,000000000000000000000000	0,000000000000000000000000	0,000000000000000000000000

0,000000000000000000000000	0,000000000000000000000000
0,000000000000000000000000	0,000000000000000000000000

1,000000000000000000000000	0,000000000000000000000000
0,000000000000000000000000	1,000000000000000000000000

0,250000000000000000000000	0,000000000000000000000000
0,000000000000000000000000	0,250000000000000000000000

0,399999999999999910000000	0,000000000000000000000000
0,000000000000000000000000	0,399999999999999910000000

1,000000000000000000000000	0,000000000000000000000000
0,000000000000000000000000	1,000000000000000000000000

6
1,945667010479447800000000	-1,457657945639030400000000	1,044000105272348000000000	-0,191287854389230850000000	-0,120908416773020310000000	-0,243764002799691240000000
0,160304700816918800000000	0,284181726497006630000000	0,026230919531857074000000	0,308691952355105330000000	-0,480739940761377720000000	-0,206582848874108630000000
-1,132470898348453300000000	1,165223551608234300000000	-0,094804518856915890000000	0,399885375681895080000000	-0,215993751895388580000000	-0,145517652073256700000000
0,615302109360737370000000	0,532875037430937230000000	1,262921387502032000000000	0,916168319382699160000000	0,289061915785990830000000	-0,135342969564947870000000
0,667537051903198340000000	1,416348400256825400000000	1,270188328690004200000000	1,545946605614465500000000	0,010455038323309280000000	-0,294874078545971420000000
-0,622702215661122270000000	0,519293421081828630000000	0,500690291368486080000000	0,143320254825418910000000	-0,185996113949011690000000	-0,145833172936515630000000

0,634077413481433540000000	3,389414553539555000000000
1,253698290693896900000000	-1,134403873214133500000000
1,453392801623059700000000	-0,695563580205467490000000
2,332353576306760400000000	0,193249690585039710000000
1,992837497217481200000000	-0,037983553864546570000000
0,191454051997385470000000	-0,508956238494424400000000

-1,039221731530154200000000	-2,166772074357910900000000	-2,180377840414086300000000	-1,435060219343268900000000	0,631036160466233120000000	0,324671787602041180000000
-2,135955923316846100000000	2,358311809393588600000000	-1,548648530950671200000000	0,231946892415845930000000	0,095742801347447906000000	-0,507626273245506800000000

15,873509232893491000000000	-0,009879405733817387900000
-0,009475816930705604400000	15,986158155957074000000000
